"Region code","Region","Age","Sex","Population"
"01","Piemonte","0","Total","30680"
"01","Piemonte","0","Males","15597"
"01","Piemonte","0","Females","15083"
"01","Piemonte","1","Total","31895"
"01","Piemonte","1","Males","16306"
"01","Piemonte","1","Females","15589"
"01","Piemonte","2","Total","32793"
"01","Piemonte","2","Males","17115"
"01","Piemonte","2","Females","15678"
"01","Piemonte","3","Total","34333"
"01","Piemonte","3","Males","17539"
"01","Piemonte","3","Females","16794"
"01","Piemonte","4","Total","35154"
"01","Piemonte","4","Males","18066"
"01","Piemonte","4","Females","17088"
"01","Piemonte","5","Total","36574"
"01","Piemonte","5","Males","18799"
"01","Piemonte","5","Females","17775"
"01","Piemonte","6","Total","36821"
"01","Piemonte","6","Males","19188"
"01","Piemonte","6","Females","17633"
"01","Piemonte","7","Total","37682"
"01","Piemonte","7","Males","19433"
"01","Piemonte","7","Females","18249"
"01","Piemonte","8","Total","38798"
"01","Piemonte","8","Males","19946"
"01","Piemonte","8","Females","18852"
"01","Piemonte","9","Total","39068"
"01","Piemonte","9","Males","20184"
"01","Piemonte","9","Females","18884"
"01","Piemonte","10","Total","38957"
"01","Piemonte","10","Males","20053"
"01","Piemonte","10","Females","18904"
"01","Piemonte","11","Total","38409"
"01","Piemonte","11","Males","19773"
"01","Piemonte","11","Females","18636"
"01","Piemonte","12","Total","38139"
"01","Piemonte","12","Males","19662"
"01","Piemonte","12","Females","18477"
"01","Piemonte","13","Total","38069"
"01","Piemonte","13","Males","19728"
"01","Piemonte","13","Females","18341"
"01","Piemonte","14","Total","38192"
"01","Piemonte","14","Males","19719"
"01","Piemonte","14","Females","18473"
"01","Piemonte","15","Total","37597"
"01","Piemonte","15","Males","19171"
"01","Piemonte","15","Females","18426"
"01","Piemonte","16","Total","37662"
"01","Piemonte","16","Males","19387"
"01","Piemonte","16","Females","18275"
"01","Piemonte","17","Total","39004"
"01","Piemonte","17","Males","20218"
"01","Piemonte","17","Females","18786"
"01","Piemonte","18","Total","38476"
"01","Piemonte","18","Males","20252"
"01","Piemonte","18","Females","18224"
"01","Piemonte","19","Total","39537"
"01","Piemonte","19","Males","21038"
"01","Piemonte","19","Females","18499"
"01","Piemonte","20","Total","39132"
"01","Piemonte","20","Males","20533"
"01","Piemonte","20","Females","18599"
"01","Piemonte","21","Total","38802"
"01","Piemonte","21","Males","20561"
"01","Piemonte","21","Females","18241"
"01","Piemonte","22","Total","38659"
"01","Piemonte","22","Males","20301"
"01","Piemonte","22","Females","18358"
"01","Piemonte","23","Total","39042"
"01","Piemonte","23","Males","20262"
"01","Piemonte","23","Females","18780"
"01","Piemonte","24","Total","39599"
"01","Piemonte","24","Males","20495"
"01","Piemonte","24","Females","19104"
"01","Piemonte","25","Total","40899"
"01","Piemonte","25","Males","21168"
"01","Piemonte","25","Females","19731"
"01","Piemonte","26","Total","41399"
"01","Piemonte","26","Males","21323"
"01","Piemonte","26","Females","20076"
"01","Piemonte","27","Total","42648"
"01","Piemonte","27","Males","22068"
"01","Piemonte","27","Females","20580"
"01","Piemonte","28","Total","42205"
"01","Piemonte","28","Males","21678"
"01","Piemonte","28","Females","20527"
"01","Piemonte","29","Total","43514"
"01","Piemonte","29","Males","22298"
"01","Piemonte","29","Females","21216"
"01","Piemonte","30","Total","42581"
"01","Piemonte","30","Males","21514"
"01","Piemonte","30","Females","21067"
"01","Piemonte","31","Total","43662"
"01","Piemonte","31","Males","22253"
"01","Piemonte","31","Females","21409"
"01","Piemonte","32","Total","44869"
"01","Piemonte","32","Males","22612"
"01","Piemonte","32","Females","22257"
"01","Piemonte","33","Total","45317"
"01","Piemonte","33","Males","22710"
"01","Piemonte","33","Females","22607"
"01","Piemonte","34","Total","46747"
"01","Piemonte","34","Males","23507"
"01","Piemonte","34","Females","23240"
"01","Piemonte","35","Total","48691"
"01","Piemonte","35","Males","24489"
"01","Piemonte","35","Females","24202"
"01","Piemonte","36","Total","48820"
"01","Piemonte","36","Males","24414"
"01","Piemonte","36","Females","24406"
"01","Piemonte","37","Total","50303"
"01","Piemonte","37","Males","25136"
"01","Piemonte","37","Females","25167"
"01","Piemonte","38","Total","51665"
"01","Piemonte","38","Males","25990"
"01","Piemonte","38","Females","25675"
"01","Piemonte","39","Total","55307"
"01","Piemonte","39","Males","27672"
"01","Piemonte","39","Females","27635"
"01","Piemonte","40","Total","58256"
"01","Piemonte","40","Males","28938"
"01","Piemonte","40","Females","29318"
"01","Piemonte","41","Total","61021"
"01","Piemonte","41","Males","30331"
"01","Piemonte","41","Females","30690"
"01","Piemonte","42","Total","64585"
"01","Piemonte","42","Males","32089"
"01","Piemonte","42","Females","32496"
"01","Piemonte","43","Total","67425"
"01","Piemonte","43","Males","33689"
"01","Piemonte","43","Females","33736"
"01","Piemonte","44","Total","67366"
"01","Piemonte","44","Males","33870"
"01","Piemonte","44","Females","33496"
"01","Piemonte","45","Total","69155"
"01","Piemonte","45","Males","34589"
"01","Piemonte","45","Females","34566"
"01","Piemonte","46","Total","70192"
"01","Piemonte","46","Males","34808"
"01","Piemonte","46","Females","35384"
"01","Piemonte","47","Total","69620"
"01","Piemonte","47","Males","34649"
"01","Piemonte","47","Females","34971"
"01","Piemonte","48","Total","72051"
"01","Piemonte","48","Males","35826"
"01","Piemonte","48","Females","36225"
"01","Piemonte","49","Total","71536"
"01","Piemonte","49","Males","35517"
"01","Piemonte","49","Females","36019"
"01","Piemonte","50","Total","71584"
"01","Piemonte","50","Males","35437"
"01","Piemonte","50","Females","36147"
"01","Piemonte","51","Total","72028"
"01","Piemonte","51","Males","35827"
"01","Piemonte","51","Females","36201"
"01","Piemonte","52","Total","71809"
"01","Piemonte","52","Males","35561"
"01","Piemonte","52","Females","36248"
"01","Piemonte","53","Total","72793"
"01","Piemonte","53","Males","35838"
"01","Piemonte","53","Females","36955"
"01","Piemonte","54","Total","67958"
"01","Piemonte","54","Males","33433"
"01","Piemonte","54","Females","34525"
"01","Piemonte","55","Total","65482"
"01","Piemonte","55","Males","32003"
"01","Piemonte","55","Females","33479"
"01","Piemonte","56","Total","64752"
"01","Piemonte","56","Males","31636"
"01","Piemonte","56","Females","33116"
"01","Piemonte","57","Total","62609"
"01","Piemonte","57","Males","30497"
"01","Piemonte","57","Females","32112"
"01","Piemonte","58","Total","61245"
"01","Piemonte","58","Males","30129"
"01","Piemonte","58","Females","31116"
"01","Piemonte","59","Total","59429"
"01","Piemonte","59","Males","29045"
"01","Piemonte","59","Females","30384"
"01","Piemonte","60","Total","59185"
"01","Piemonte","60","Males","28889"
"01","Piemonte","60","Females","30296"
"01","Piemonte","61","Total","57927"
"01","Piemonte","61","Males","28122"
"01","Piemonte","61","Females","29805"
"01","Piemonte","62","Total","56811"
"01","Piemonte","62","Males","27618"
"01","Piemonte","62","Females","29193"
"01","Piemonte","63","Total","56009"
"01","Piemonte","63","Males","26961"
"01","Piemonte","63","Females","29048"
"01","Piemonte","64","Total","54051"
"01","Piemonte","64","Males","26158"
"01","Piemonte","64","Females","27893"
"01","Piemonte","65","Total","53937"
"01","Piemonte","65","Males","26142"
"01","Piemonte","65","Females","27795"
"01","Piemonte","66","Total","52986"
"01","Piemonte","66","Males","25297"
"01","Piemonte","66","Females","27689"
"01","Piemonte","67","Total","55262"
"01","Piemonte","67","Males","26274"
"01","Piemonte","67","Females","28988"
"01","Piemonte","68","Total","55580"
"01","Piemonte","68","Males","26533"
"01","Piemonte","68","Females","29047"
"01","Piemonte","69","Total","58424"
"01","Piemonte","69","Males","27761"
"01","Piemonte","69","Females","30663"
"01","Piemonte","70","Total","56996"
"01","Piemonte","70","Males","27100"
"01","Piemonte","70","Females","29896"
"01","Piemonte","71","Total","55411"
"01","Piemonte","71","Males","26188"
"01","Piemonte","71","Females","29223"
"01","Piemonte","72","Total","42190"
"01","Piemonte","72","Males","19812"
"01","Piemonte","72","Females","22378"
"01","Piemonte","73","Total","45018"
"01","Piemonte","73","Males","20935"
"01","Piemonte","73","Females","24083"
"01","Piemonte","74","Total","44495"
"01","Piemonte","74","Males","20269"
"01","Piemonte","74","Females","24226"
"01","Piemonte","75","Total","44743"
"01","Piemonte","75","Males","20389"
"01","Piemonte","75","Females","24354"
"01","Piemonte","76","Total","44767"
"01","Piemonte","76","Males","20067"
"01","Piemonte","76","Females","24700"
"01","Piemonte","77","Total","48591"
"01","Piemonte","77","Males","21742"
"01","Piemonte","77","Females","26849"
"01","Piemonte","78","Total","47653"
"01","Piemonte","78","Males","21017"
"01","Piemonte","78","Females","26636"
"01","Piemonte","79","Total","45677"
"01","Piemonte","79","Males","20026"
"01","Piemonte","79","Females","25651"
"01","Piemonte","80","Total","41056"
"01","Piemonte","80","Males","17684"
"01","Piemonte","80","Females","23372"
"01","Piemonte","81","Total","37014"
"01","Piemonte","81","Males","15761"
"01","Piemonte","81","Females","21253"
"01","Piemonte","82","Total","36119"
"01","Piemonte","82","Males","14917"
"01","Piemonte","82","Females","21202"
"01","Piemonte","83","Total","32917"
"01","Piemonte","83","Males","13174"
"01","Piemonte","83","Females","19743"
"01","Piemonte","84","Total","29907"
"01","Piemonte","84","Males","11494"
"01","Piemonte","84","Females","18413"
"01","Piemonte","85","Total","27967"
"01","Piemonte","85","Males","10411"
"01","Piemonte","85","Females","17556"
"01","Piemonte","86","Total","25607"
"01","Piemonte","86","Males","9198"
"01","Piemonte","86","Females","16409"
"01","Piemonte","87","Total","24208"
"01","Piemonte","87","Males","8503"
"01","Piemonte","87","Females","15705"
"01","Piemonte","88","Total","20048"
"01","Piemonte","88","Males","6698"
"01","Piemonte","88","Females","13350"
"01","Piemonte","89","Total","16709"
"01","Piemonte","89","Males","5231"
"01","Piemonte","89","Females","11478"
"01","Piemonte","90","Total","14274"
"01","Piemonte","90","Males","4217"
"01","Piemonte","90","Females","10057"
"01","Piemonte","91","Total","11487"
"01","Piemonte","91","Males","3152"
"01","Piemonte","91","Females","8335"
"01","Piemonte","92","Total","9249"
"01","Piemonte","92","Males","2407"
"01","Piemonte","92","Females","6842"
"01","Piemonte","93","Total","7118"
"01","Piemonte","93","Males","1781"
"01","Piemonte","93","Females","5337"
"01","Piemonte","94","Total","5593"
"01","Piemonte","94","Males","1357"
"01","Piemonte","94","Females","4236"
"01","Piemonte","95","Total","4324"
"01","Piemonte","95","Males","886"
"01","Piemonte","95","Females","3438"
"01","Piemonte","96","Total","3177"
"01","Piemonte","96","Males","617"
"01","Piemonte","96","Females","2560"
"01","Piemonte","97","Total","2090"
"01","Piemonte","97","Males","406"
"01","Piemonte","97","Females","1684"
"01","Piemonte","98","Total","993"
"01","Piemonte","98","Males","154"
"01","Piemonte","98","Females","839"
"01","Piemonte","99","Total","511"
"01","Piemonte","99","Males","83"
"01","Piemonte","99","Females","428"
"01","Piemonte","100 and over","Total","1233"
"01","Piemonte","100 and over","Males","172"
"01","Piemonte","100 and over","Females","1061"
"02","Valle D'Aosta/Vallée D'Aoste","0","Total","899"
"02","Valle D'Aosta/Vallée D'Aoste","0","Males","478"
"02","Valle D'Aosta/Vallée D'Aoste","0","Females","421"
"02","Valle D'Aosta/Vallée D'Aoste","1","Total","963"
"02","Valle D'Aosta/Vallée D'Aoste","1","Males","508"
"02","Valle D'Aosta/Vallée D'Aoste","1","Females","455"
"02","Valle D'Aosta/Vallée D'Aoste","2","Total","982"
"02","Valle D'Aosta/Vallée D'Aoste","2","Males","506"
"02","Valle D'Aosta/Vallée D'Aoste","2","Females","476"
"02","Valle D'Aosta/Vallée D'Aoste","3","Total","1067"
"02","Valle D'Aosta/Vallée D'Aoste","3","Males","554"
"02","Valle D'Aosta/Vallée D'Aoste","3","Females","513"
"02","Valle D'Aosta/Vallée D'Aoste","4","Total","1044"
"02","Valle D'Aosta/Vallée D'Aoste","4","Males","515"
"02","Valle D'Aosta/Vallée D'Aoste","4","Females","529"
"02","Valle D'Aosta/Vallée D'Aoste","5","Total","1136"
"02","Valle D'Aosta/Vallée D'Aoste","5","Males","583"
"02","Valle D'Aosta/Vallée D'Aoste","5","Females","553"
"02","Valle D'Aosta/Vallée D'Aoste","6","Total","1192"
"02","Valle D'Aosta/Vallée D'Aoste","6","Males","612"
"02","Valle D'Aosta/Vallée D'Aoste","6","Females","580"
"02","Valle D'Aosta/Vallée D'Aoste","7","Total","1158"
"02","Valle D'Aosta/Vallée D'Aoste","7","Males","578"
"02","Valle D'Aosta/Vallée D'Aoste","7","Females","580"
"02","Valle D'Aosta/Vallée D'Aoste","8","Total","1243"
"02","Valle D'Aosta/Vallée D'Aoste","8","Males","643"
"02","Valle D'Aosta/Vallée D'Aoste","8","Females","600"
"02","Valle D'Aosta/Vallée D'Aoste","9","Total","1222"
"02","Valle D'Aosta/Vallée D'Aoste","9","Males","630"
"02","Valle D'Aosta/Vallée D'Aoste","9","Females","592"
"02","Valle D'Aosta/Vallée D'Aoste","10","Total","1218"
"02","Valle D'Aosta/Vallée D'Aoste","10","Males","632"
"02","Valle D'Aosta/Vallée D'Aoste","10","Females","586"
"02","Valle D'Aosta/Vallée D'Aoste","11","Total","1230"
"02","Valle D'Aosta/Vallée D'Aoste","11","Males","649"
"02","Valle D'Aosta/Vallée D'Aoste","11","Females","581"
"02","Valle D'Aosta/Vallée D'Aoste","12","Total","1152"
"02","Valle D'Aosta/Vallée D'Aoste","12","Males","587"
"02","Valle D'Aosta/Vallée D'Aoste","12","Females","565"
"02","Valle D'Aosta/Vallée D'Aoste","13","Total","1170"
"02","Valle D'Aosta/Vallée D'Aoste","13","Males","590"
"02","Valle D'Aosta/Vallée D'Aoste","13","Females","580"
"02","Valle D'Aosta/Vallée D'Aoste","14","Total","1189"
"02","Valle D'Aosta/Vallée D'Aoste","14","Males","599"
"02","Valle D'Aosta/Vallée D'Aoste","14","Females","590"
"02","Valle D'Aosta/Vallée D'Aoste","15","Total","1121"
"02","Valle D'Aosta/Vallée D'Aoste","15","Males","604"
"02","Valle D'Aosta/Vallée D'Aoste","15","Females","517"
"02","Valle D'Aosta/Vallée D'Aoste","16","Total","1174"
"02","Valle D'Aosta/Vallée D'Aoste","16","Males","618"
"02","Valle D'Aosta/Vallée D'Aoste","16","Females","556"
"02","Valle D'Aosta/Vallée D'Aoste","17","Total","1216"
"02","Valle D'Aosta/Vallée D'Aoste","17","Males","635"
"02","Valle D'Aosta/Vallée D'Aoste","17","Females","581"
"02","Valle D'Aosta/Vallée D'Aoste","18","Total","1204"
"02","Valle D'Aosta/Vallée D'Aoste","18","Males","627"
"02","Valle D'Aosta/Vallée D'Aoste","18","Females","577"
"02","Valle D'Aosta/Vallée D'Aoste","19","Total","1178"
"02","Valle D'Aosta/Vallée D'Aoste","19","Males","618"
"02","Valle D'Aosta/Vallée D'Aoste","19","Females","560"
"02","Valle D'Aosta/Vallée D'Aoste","20","Total","1119"
"02","Valle D'Aosta/Vallée D'Aoste","20","Males","576"
"02","Valle D'Aosta/Vallée D'Aoste","20","Females","543"
"02","Valle D'Aosta/Vallée D'Aoste","21","Total","1211"
"02","Valle D'Aosta/Vallée D'Aoste","21","Males","637"
"02","Valle D'Aosta/Vallée D'Aoste","21","Females","574"
"02","Valle D'Aosta/Vallée D'Aoste","22","Total","1153"
"02","Valle D'Aosta/Vallée D'Aoste","22","Males","605"
"02","Valle D'Aosta/Vallée D'Aoste","22","Females","548"
"02","Valle D'Aosta/Vallée D'Aoste","23","Total","1126"
"02","Valle D'Aosta/Vallée D'Aoste","23","Males","571"
"02","Valle D'Aosta/Vallée D'Aoste","23","Females","555"
"02","Valle D'Aosta/Vallée D'Aoste","24","Total","1139"
"02","Valle D'Aosta/Vallée D'Aoste","24","Males","582"
"02","Valle D'Aosta/Vallée D'Aoste","24","Females","557"
"02","Valle D'Aosta/Vallée D'Aoste","25","Total","1225"
"02","Valle D'Aosta/Vallée D'Aoste","25","Males","643"
"02","Valle D'Aosta/Vallée D'Aoste","25","Females","582"
"02","Valle D'Aosta/Vallée D'Aoste","26","Total","1161"
"02","Valle D'Aosta/Vallée D'Aoste","26","Males","598"
"02","Valle D'Aosta/Vallée D'Aoste","26","Females","563"
"02","Valle D'Aosta/Vallée D'Aoste","27","Total","1246"
"02","Valle D'Aosta/Vallée D'Aoste","27","Males","617"
"02","Valle D'Aosta/Vallée D'Aoste","27","Females","629"
"02","Valle D'Aosta/Vallée D'Aoste","28","Total","1222"
"02","Valle D'Aosta/Vallée D'Aoste","28","Males","637"
"02","Valle D'Aosta/Vallée D'Aoste","28","Females","585"
"02","Valle D'Aosta/Vallée D'Aoste","29","Total","1294"
"02","Valle D'Aosta/Vallée D'Aoste","29","Males","666"
"02","Valle D'Aosta/Vallée D'Aoste","29","Females","628"
"02","Valle D'Aosta/Vallée D'Aoste","30","Total","1244"
"02","Valle D'Aosta/Vallée D'Aoste","30","Males","630"
"02","Valle D'Aosta/Vallée D'Aoste","30","Females","614"
"02","Valle D'Aosta/Vallée D'Aoste","31","Total","1245"
"02","Valle D'Aosta/Vallée D'Aoste","31","Males","601"
"02","Valle D'Aosta/Vallée D'Aoste","31","Females","644"
"02","Valle D'Aosta/Vallée D'Aoste","32","Total","1280"
"02","Valle D'Aosta/Vallée D'Aoste","32","Males","652"
"02","Valle D'Aosta/Vallée D'Aoste","32","Females","628"
"02","Valle D'Aosta/Vallée D'Aoste","33","Total","1315"
"02","Valle D'Aosta/Vallée D'Aoste","33","Males","660"
"02","Valle D'Aosta/Vallée D'Aoste","33","Females","655"
"02","Valle D'Aosta/Vallée D'Aoste","34","Total","1399"
"02","Valle D'Aosta/Vallée D'Aoste","34","Males","709"
"02","Valle D'Aosta/Vallée D'Aoste","34","Females","690"
"02","Valle D'Aosta/Vallée D'Aoste","35","Total","1392"
"02","Valle D'Aosta/Vallée D'Aoste","35","Males","673"
"02","Valle D'Aosta/Vallée D'Aoste","35","Females","719"
"02","Valle D'Aosta/Vallée D'Aoste","36","Total","1334"
"02","Valle D'Aosta/Vallée D'Aoste","36","Males","669"
"02","Valle D'Aosta/Vallée D'Aoste","36","Females","665"
"02","Valle D'Aosta/Vallée D'Aoste","37","Total","1457"
"02","Valle D'Aosta/Vallée D'Aoste","37","Males","772"
"02","Valle D'Aosta/Vallée D'Aoste","37","Females","685"
"02","Valle D'Aosta/Vallée D'Aoste","38","Total","1432"
"02","Valle D'Aosta/Vallée D'Aoste","38","Males","734"
"02","Valle D'Aosta/Vallée D'Aoste","38","Females","698"
"02","Valle D'Aosta/Vallée D'Aoste","39","Total","1693"
"02","Valle D'Aosta/Vallée D'Aoste","39","Males","869"
"02","Valle D'Aosta/Vallée D'Aoste","39","Females","824"
"02","Valle D'Aosta/Vallée D'Aoste","40","Total","1633"
"02","Valle D'Aosta/Vallée D'Aoste","40","Males","830"
"02","Valle D'Aosta/Vallée D'Aoste","40","Females","803"
"02","Valle D'Aosta/Vallée D'Aoste","41","Total","1772"
"02","Valle D'Aosta/Vallée D'Aoste","41","Males","851"
"02","Valle D'Aosta/Vallée D'Aoste","41","Females","921"
"02","Valle D'Aosta/Vallée D'Aoste","42","Total","1862"
"02","Valle D'Aosta/Vallée D'Aoste","42","Males","918"
"02","Valle D'Aosta/Vallée D'Aoste","42","Females","944"
"02","Valle D'Aosta/Vallée D'Aoste","43","Total","1954"
"02","Valle D'Aosta/Vallée D'Aoste","43","Males","1001"
"02","Valle D'Aosta/Vallée D'Aoste","43","Females","953"
"02","Valle D'Aosta/Vallée D'Aoste","44","Total","2003"
"02","Valle D'Aosta/Vallée D'Aoste","44","Males","998"
"02","Valle D'Aosta/Vallée D'Aoste","44","Females","1005"
"02","Valle D'Aosta/Vallée D'Aoste","45","Total","2027"
"02","Valle D'Aosta/Vallée D'Aoste","45","Males","986"
"02","Valle D'Aosta/Vallée D'Aoste","45","Females","1041"
"02","Valle D'Aosta/Vallée D'Aoste","46","Total","2108"
"02","Valle D'Aosta/Vallée D'Aoste","46","Males","1031"
"02","Valle D'Aosta/Vallée D'Aoste","46","Females","1077"
"02","Valle D'Aosta/Vallée D'Aoste","47","Total","2069"
"02","Valle D'Aosta/Vallée D'Aoste","47","Males","1015"
"02","Valle D'Aosta/Vallée D'Aoste","47","Females","1054"
"02","Valle D'Aosta/Vallée D'Aoste","48","Total","2219"
"02","Valle D'Aosta/Vallée D'Aoste","48","Males","1081"
"02","Valle D'Aosta/Vallée D'Aoste","48","Females","1138"
"02","Valle D'Aosta/Vallée D'Aoste","49","Total","2128"
"02","Valle D'Aosta/Vallée D'Aoste","49","Males","1046"
"02","Valle D'Aosta/Vallée D'Aoste","49","Females","1082"
"02","Valle D'Aosta/Vallée D'Aoste","50","Total","2187"
"02","Valle D'Aosta/Vallée D'Aoste","50","Males","1077"
"02","Valle D'Aosta/Vallée D'Aoste","50","Females","1110"
"02","Valle D'Aosta/Vallée D'Aoste","51","Total","2223"
"02","Valle D'Aosta/Vallée D'Aoste","51","Males","1113"
"02","Valle D'Aosta/Vallée D'Aoste","51","Females","1110"
"02","Valle D'Aosta/Vallée D'Aoste","52","Total","2158"
"02","Valle D'Aosta/Vallée D'Aoste","52","Males","1085"
"02","Valle D'Aosta/Vallée D'Aoste","52","Females","1073"
"02","Valle D'Aosta/Vallée D'Aoste","53","Total","2297"
"02","Valle D'Aosta/Vallée D'Aoste","53","Males","1170"
"02","Valle D'Aosta/Vallée D'Aoste","53","Females","1127"
"02","Valle D'Aosta/Vallée D'Aoste","54","Total","2103"
"02","Valle D'Aosta/Vallée D'Aoste","54","Males","1067"
"02","Valle D'Aosta/Vallée D'Aoste","54","Females","1036"
"02","Valle D'Aosta/Vallée D'Aoste","55","Total","1929"
"02","Valle D'Aosta/Vallée D'Aoste","55","Males","942"
"02","Valle D'Aosta/Vallée D'Aoste","55","Females","987"
"02","Valle D'Aosta/Vallée D'Aoste","56","Total","1940"
"02","Valle D'Aosta/Vallée D'Aoste","56","Males","998"
"02","Valle D'Aosta/Vallée D'Aoste","56","Females","942"
"02","Valle D'Aosta/Vallée D'Aoste","57","Total","1780"
"02","Valle D'Aosta/Vallée D'Aoste","57","Males","868"
"02","Valle D'Aosta/Vallée D'Aoste","57","Females","912"
"02","Valle D'Aosta/Vallée D'Aoste","58","Total","1868"
"02","Valle D'Aosta/Vallée D'Aoste","58","Males","914"
"02","Valle D'Aosta/Vallée D'Aoste","58","Females","954"
"02","Valle D'Aosta/Vallée D'Aoste","59","Total","1679"
"02","Valle D'Aosta/Vallée D'Aoste","59","Males","826"
"02","Valle D'Aosta/Vallée D'Aoste","59","Females","853"
"02","Valle D'Aosta/Vallée D'Aoste","60","Total","1681"
"02","Valle D'Aosta/Vallée D'Aoste","60","Males","829"
"02","Valle D'Aosta/Vallée D'Aoste","60","Females","852"
"02","Valle D'Aosta/Vallée D'Aoste","61","Total","1632"
"02","Valle D'Aosta/Vallée D'Aoste","61","Males","819"
"02","Valle D'Aosta/Vallée D'Aoste","61","Females","813"
"02","Valle D'Aosta/Vallée D'Aoste","62","Total","1650"
"02","Valle D'Aosta/Vallée D'Aoste","62","Males","768"
"02","Valle D'Aosta/Vallée D'Aoste","62","Females","882"
"02","Valle D'Aosta/Vallée D'Aoste","63","Total","1619"
"02","Valle D'Aosta/Vallée D'Aoste","63","Males","783"
"02","Valle D'Aosta/Vallée D'Aoste","63","Females","836"
"02","Valle D'Aosta/Vallée D'Aoste","64","Total","1589"
"02","Valle D'Aosta/Vallée D'Aoste","64","Males","809"
"02","Valle D'Aosta/Vallée D'Aoste","64","Females","780"
"02","Valle D'Aosta/Vallée D'Aoste","65","Total","1508"
"02","Valle D'Aosta/Vallée D'Aoste","65","Males","762"
"02","Valle D'Aosta/Vallée D'Aoste","65","Females","746"
"02","Valle D'Aosta/Vallée D'Aoste","66","Total","1534"
"02","Valle D'Aosta/Vallée D'Aoste","66","Males","754"
"02","Valle D'Aosta/Vallée D'Aoste","66","Females","780"
"02","Valle D'Aosta/Vallée D'Aoste","67","Total","1539"
"02","Valle D'Aosta/Vallée D'Aoste","67","Males","759"
"02","Valle D'Aosta/Vallée D'Aoste","67","Females","780"
"02","Valle D'Aosta/Vallée D'Aoste","68","Total","1595"
"02","Valle D'Aosta/Vallée D'Aoste","68","Males","760"
"02","Valle D'Aosta/Vallée D'Aoste","68","Females","835"
"02","Valle D'Aosta/Vallée D'Aoste","69","Total","1612"
"02","Valle D'Aosta/Vallée D'Aoste","69","Males","765"
"02","Valle D'Aosta/Vallée D'Aoste","69","Females","847"
"02","Valle D'Aosta/Vallée D'Aoste","70","Total","1538"
"02","Valle D'Aosta/Vallée D'Aoste","70","Males","790"
"02","Valle D'Aosta/Vallée D'Aoste","70","Females","748"
"02","Valle D'Aosta/Vallée D'Aoste","71","Total","1475"
"02","Valle D'Aosta/Vallée D'Aoste","71","Males","713"
"02","Valle D'Aosta/Vallée D'Aoste","71","Females","762"
"02","Valle D'Aosta/Vallée D'Aoste","72","Total","1116"
"02","Valle D'Aosta/Vallée D'Aoste","72","Males","511"
"02","Valle D'Aosta/Vallée D'Aoste","72","Females","605"
"02","Valle D'Aosta/Vallée D'Aoste","73","Total","1201"
"02","Valle D'Aosta/Vallée D'Aoste","73","Males","601"
"02","Valle D'Aosta/Vallée D'Aoste","73","Females","600"
"02","Valle D'Aosta/Vallée D'Aoste","74","Total","1256"
"02","Valle D'Aosta/Vallée D'Aoste","74","Males","619"
"02","Valle D'Aosta/Vallée D'Aoste","74","Females","637"
"02","Valle D'Aosta/Vallée D'Aoste","75","Total","1266"
"02","Valle D'Aosta/Vallée D'Aoste","75","Males","607"
"02","Valle D'Aosta/Vallée D'Aoste","75","Females","659"
"02","Valle D'Aosta/Vallée D'Aoste","76","Total","1259"
"02","Valle D'Aosta/Vallée D'Aoste","76","Males","572"
"02","Valle D'Aosta/Vallée D'Aoste","76","Females","687"
"02","Valle D'Aosta/Vallée D'Aoste","77","Total","1292"
"02","Valle D'Aosta/Vallée D'Aoste","77","Males","577"
"02","Valle D'Aosta/Vallée D'Aoste","77","Females","715"
"02","Valle D'Aosta/Vallée D'Aoste","78","Total","1221"
"02","Valle D'Aosta/Vallée D'Aoste","78","Males","551"
"02","Valle D'Aosta/Vallée D'Aoste","78","Females","670"
"02","Valle D'Aosta/Vallée D'Aoste","79","Total","1220"
"02","Valle D'Aosta/Vallée D'Aoste","79","Males","534"
"02","Valle D'Aosta/Vallée D'Aoste","79","Females","686"
"02","Valle D'Aosta/Vallée D'Aoste","80","Total","1033"
"02","Valle D'Aosta/Vallée D'Aoste","80","Males","428"
"02","Valle D'Aosta/Vallée D'Aoste","80","Females","605"
"02","Valle D'Aosta/Vallée D'Aoste","81","Total","944"
"02","Valle D'Aosta/Vallée D'Aoste","81","Males","392"
"02","Valle D'Aosta/Vallée D'Aoste","81","Females","552"
"02","Valle D'Aosta/Vallée D'Aoste","82","Total","882"
"02","Valle D'Aosta/Vallée D'Aoste","82","Males","360"
"02","Valle D'Aosta/Vallée D'Aoste","82","Females","522"
"02","Valle D'Aosta/Vallée D'Aoste","83","Total","794"
"02","Valle D'Aosta/Vallée D'Aoste","83","Males","297"
"02","Valle D'Aosta/Vallée D'Aoste","83","Females","497"
"02","Valle D'Aosta/Vallée D'Aoste","84","Total","792"
"02","Valle D'Aosta/Vallée D'Aoste","84","Males","299"
"02","Valle D'Aosta/Vallée D'Aoste","84","Females","493"
"02","Valle D'Aosta/Vallée D'Aoste","85","Total","683"
"02","Valle D'Aosta/Vallée D'Aoste","85","Males","249"
"02","Valle D'Aosta/Vallée D'Aoste","85","Females","434"
"02","Valle D'Aosta/Vallée D'Aoste","86","Total","650"
"02","Valle D'Aosta/Vallée D'Aoste","86","Males","236"
"02","Valle D'Aosta/Vallée D'Aoste","86","Females","414"
"02","Valle D'Aosta/Vallée D'Aoste","87","Total","650"
"02","Valle D'Aosta/Vallée D'Aoste","87","Males","214"
"02","Valle D'Aosta/Vallée D'Aoste","87","Females","436"
"02","Valle D'Aosta/Vallée D'Aoste","88","Total","524"
"02","Valle D'Aosta/Vallée D'Aoste","88","Males","179"
"02","Valle D'Aosta/Vallée D'Aoste","88","Females","345"
"02","Valle D'Aosta/Vallée D'Aoste","89","Total","462"
"02","Valle D'Aosta/Vallée D'Aoste","89","Males","138"
"02","Valle D'Aosta/Vallée D'Aoste","89","Females","324"
"02","Valle D'Aosta/Vallée D'Aoste","90","Total","371"
"02","Valle D'Aosta/Vallée D'Aoste","90","Males","98"
"02","Valle D'Aosta/Vallée D'Aoste","90","Females","273"
"02","Valle D'Aosta/Vallée D'Aoste","91","Total","322"
"02","Valle D'Aosta/Vallée D'Aoste","91","Males","84"
"02","Valle D'Aosta/Vallée D'Aoste","91","Females","238"
"02","Valle D'Aosta/Vallée D'Aoste","92","Total","251"
"02","Valle D'Aosta/Vallée D'Aoste","92","Males","80"
"02","Valle D'Aosta/Vallée D'Aoste","92","Females","171"
"02","Valle D'Aosta/Vallée D'Aoste","93","Total","167"
"02","Valle D'Aosta/Vallée D'Aoste","93","Males","42"
"02","Valle D'Aosta/Vallée D'Aoste","93","Females","125"
"02","Valle D'Aosta/Vallée D'Aoste","94","Total","144"
"02","Valle D'Aosta/Vallée D'Aoste","94","Males","29"
"02","Valle D'Aosta/Vallée D'Aoste","94","Females","115"
"02","Valle D'Aosta/Vallée D'Aoste","95","Total","129"
"02","Valle D'Aosta/Vallée D'Aoste","95","Males","21"
"02","Valle D'Aosta/Vallée D'Aoste","95","Females","108"
"02","Valle D'Aosta/Vallée D'Aoste","96","Total","101"
"02","Valle D'Aosta/Vallée D'Aoste","96","Males","15"
"02","Valle D'Aosta/Vallée D'Aoste","96","Females","86"
"02","Valle D'Aosta/Vallée D'Aoste","97","Total","54"
"02","Valle D'Aosta/Vallée D'Aoste","97","Males","10"
"02","Valle D'Aosta/Vallée D'Aoste","97","Females","44"
"02","Valle D'Aosta/Vallée D'Aoste","98","Total","27"
"02","Valle D'Aosta/Vallée D'Aoste","98","Males","8"
"02","Valle D'Aosta/Vallée D'Aoste","98","Females","19"
"02","Valle D'Aosta/Vallée D'Aoste","99","Total","15"
"02","Valle D'Aosta/Vallée D'Aoste","99","Males","2"
"02","Valle D'Aosta/Vallée D'Aoste","99","Females","13"
"02","Valle D'Aosta/Vallée D'Aoste","100 and over","Total","31"
"02","Valle D'Aosta/Vallée D'Aoste","100 and over","Males","4"
"02","Valle D'Aosta/Vallée D'Aoste","100 and over","Females","27"
"03","Lombardia","0","Total","78624"
"03","Lombardia","0","Males","40556"
"03","Lombardia","0","Females","38068"
"03","Lombardia","1","Total","81383"
"03","Lombardia","1","Males","41598"
"03","Lombardia","1","Females","39785"
"03","Lombardia","2","Total","84340"
"03","Lombardia","2","Males","43467"
"03","Lombardia","2","Females","40873"
"03","Lombardia","3","Total","86607"
"03","Lombardia","3","Males","44345"
"03","Lombardia","3","Females","42262"
"03","Lombardia","4","Total","88250"
"03","Lombardia","4","Males","45458"
"03","Lombardia","4","Females","42792"
"03","Lombardia","5","Total","91805"
"03","Lombardia","5","Males","47224"
"03","Lombardia","5","Females","44581"
"03","Lombardia","6","Total","93570"
"03","Lombardia","6","Males","48218"
"03","Lombardia","6","Females","45352"
"03","Lombardia","7","Total","96400"
"03","Lombardia","7","Males","49888"
"03","Lombardia","7","Females","46512"
"03","Lombardia","8","Total","98525"
"03","Lombardia","8","Males","50724"
"03","Lombardia","8","Females","47801"
"03","Lombardia","9","Total","98414"
"03","Lombardia","9","Males","50575"
"03","Lombardia","9","Females","47839"
"03","Lombardia","10","Total","97252"
"03","Lombardia","10","Males","50080"
"03","Lombardia","10","Females","47172"
"03","Lombardia","11","Total","97555"
"03","Lombardia","11","Males","50351"
"03","Lombardia","11","Females","47204"
"03","Lombardia","12","Total","95218"
"03","Lombardia","12","Males","49144"
"03","Lombardia","12","Females","46074"
"03","Lombardia","13","Total","95411"
"03","Lombardia","13","Males","48838"
"03","Lombardia","13","Females","46573"
"03","Lombardia","14","Total","93443"
"03","Lombardia","14","Males","48300"
"03","Lombardia","14","Females","45143"
"03","Lombardia","15","Total","92120"
"03","Lombardia","15","Males","47597"
"03","Lombardia","15","Females","44523"
"03","Lombardia","16","Total","93096"
"03","Lombardia","16","Males","48057"
"03","Lombardia","16","Females","45039"
"03","Lombardia","17","Total","94419"
"03","Lombardia","17","Males","48983"
"03","Lombardia","17","Females","45436"
"03","Lombardia","18","Total","93007"
"03","Lombardia","18","Males","48544"
"03","Lombardia","18","Females","44463"
"03","Lombardia","19","Total","93792"
"03","Lombardia","19","Males","49730"
"03","Lombardia","19","Females","44062"
"03","Lombardia","20","Total","93488"
"03","Lombardia","20","Males","49239"
"03","Lombardia","20","Females","44249"
"03","Lombardia","21","Total","92906"
"03","Lombardia","21","Males","48728"
"03","Lombardia","21","Females","44178"
"03","Lombardia","22","Total","91546"
"03","Lombardia","22","Males","47821"
"03","Lombardia","22","Females","43725"
"03","Lombardia","23","Total","92043"
"03","Lombardia","23","Males","47726"
"03","Lombardia","23","Females","44317"
"03","Lombardia","24","Total","93757"
"03","Lombardia","24","Males","48206"
"03","Lombardia","24","Females","45551"
"03","Lombardia","25","Total","97198"
"03","Lombardia","25","Males","49980"
"03","Lombardia","25","Females","47218"
"03","Lombardia","26","Total","98203"
"03","Lombardia","26","Males","50141"
"03","Lombardia","26","Females","48062"
"03","Lombardia","27","Total","101437"
"03","Lombardia","27","Males","51712"
"03","Lombardia","27","Females","49725"
"03","Lombardia","28","Total","102620"
"03","Lombardia","28","Males","51825"
"03","Lombardia","28","Females","50795"
"03","Lombardia","29","Total","106289"
"03","Lombardia","29","Males","54137"
"03","Lombardia","29","Females","52152"
"03","Lombardia","30","Total","105112"
"03","Lombardia","30","Males","53158"
"03","Lombardia","30","Females","51954"
"03","Lombardia","31","Total","106547"
"03","Lombardia","31","Males","53909"
"03","Lombardia","31","Females","52638"
"03","Lombardia","32","Total","110977"
"03","Lombardia","32","Males","55853"
"03","Lombardia","32","Females","55124"
"03","Lombardia","33","Total","113783"
"03","Lombardia","33","Males","57616"
"03","Lombardia","33","Females","56167"
"03","Lombardia","34","Total","117305"
"03","Lombardia","34","Males","59080"
"03","Lombardia","34","Females","58225"
"03","Lombardia","35","Total","122098"
"03","Lombardia","35","Males","61653"
"03","Lombardia","35","Females","60445"
"03","Lombardia","36","Total","123263"
"03","Lombardia","36","Males","62267"
"03","Lombardia","36","Females","60996"
"03","Lombardia","37","Total","126126"
"03","Lombardia","37","Males","63732"
"03","Lombardia","37","Females","62394"
"03","Lombardia","38","Total","129477"
"03","Lombardia","38","Males","65346"
"03","Lombardia","38","Females","64131"
"03","Lombardia","39","Total","137135"
"03","Lombardia","39","Males","69572"
"03","Lombardia","39","Females","67563"
"03","Lombardia","40","Total","143299"
"03","Lombardia","40","Males","72649"
"03","Lombardia","40","Females","70650"
"03","Lombardia","41","Total","148849"
"03","Lombardia","41","Males","75425"
"03","Lombardia","41","Females","73424"
"03","Lombardia","42","Total","158823"
"03","Lombardia","42","Males","80321"
"03","Lombardia","42","Females","78502"
"03","Lombardia","43","Total","163934"
"03","Lombardia","43","Males","83198"
"03","Lombardia","43","Females","80736"
"03","Lombardia","44","Total","163911"
"03","Lombardia","44","Males","82747"
"03","Lombardia","44","Females","81164"
"03","Lombardia","45","Total","165357"
"03","Lombardia","45","Males","83957"
"03","Lombardia","45","Females","81400"
"03","Lombardia","46","Total","165603"
"03","Lombardia","46","Males","84257"
"03","Lombardia","46","Females","81346"
"03","Lombardia","47","Total","164208"
"03","Lombardia","47","Males","83286"
"03","Lombardia","47","Females","80922"
"03","Lombardia","48","Total","168421"
"03","Lombardia","48","Males","84980"
"03","Lombardia","48","Females","83441"
"03","Lombardia","49","Total","167660"
"03","Lombardia","49","Males","84812"
"03","Lombardia","49","Females","82848"
"03","Lombardia","50","Total","167131"
"03","Lombardia","50","Males","84074"
"03","Lombardia","50","Females","83057"
"03","Lombardia","51","Total","170236"
"03","Lombardia","51","Males","86049"
"03","Lombardia","51","Females","84187"
"03","Lombardia","52","Total","168882"
"03","Lombardia","52","Males","84914"
"03","Lombardia","52","Females","83968"
"03","Lombardia","53","Total","167598"
"03","Lombardia","53","Males","84233"
"03","Lombardia","53","Females","83365"
"03","Lombardia","54","Total","156739"
"03","Lombardia","54","Males","77945"
"03","Lombardia","54","Females","78794"
"03","Lombardia","55","Total","148605"
"03","Lombardia","55","Males","73622"
"03","Lombardia","55","Females","74983"
"03","Lombardia","56","Total","144066"
"03","Lombardia","56","Males","71185"
"03","Lombardia","56","Females","72881"
"03","Lombardia","57","Total","138977"
"03","Lombardia","57","Males","68448"
"03","Lombardia","57","Females","70529"
"03","Lombardia","58","Total","135020"
"03","Lombardia","58","Males","65983"
"03","Lombardia","58","Females","69037"
"03","Lombardia","59","Total","128563"
"03","Lombardia","59","Males","62978"
"03","Lombardia","59","Females","65585"
"03","Lombardia","60","Total","126028"
"03","Lombardia","60","Males","61466"
"03","Lombardia","60","Females","64562"
"03","Lombardia","61","Total","123713"
"03","Lombardia","61","Males","60234"
"03","Lombardia","61","Females","63479"
"03","Lombardia","62","Total","120042"
"03","Lombardia","62","Males","57672"
"03","Lombardia","62","Females","62370"
"03","Lombardia","63","Total","117500"
"03","Lombardia","63","Males","56675"
"03","Lombardia","63","Females","60825"
"03","Lombardia","64","Total","113453"
"03","Lombardia","64","Males","54800"
"03","Lombardia","64","Females","58653"
"03","Lombardia","65","Total","112882"
"03","Lombardia","65","Males","54101"
"03","Lombardia","65","Females","58781"
"03","Lombardia","66","Total","111595"
"03","Lombardia","66","Males","53093"
"03","Lombardia","66","Females","58502"
"03","Lombardia","67","Total","116001"
"03","Lombardia","67","Males","55354"
"03","Lombardia","67","Females","60647"
"03","Lombardia","68","Total","116902"
"03","Lombardia","68","Males","55599"
"03","Lombardia","68","Females","61303"
"03","Lombardia","69","Total","120676"
"03","Lombardia","69","Males","57034"
"03","Lombardia","69","Females","63642"
"03","Lombardia","70","Total","116543"
"03","Lombardia","70","Males","54965"
"03","Lombardia","70","Females","61578"
"03","Lombardia","71","Total","119524"
"03","Lombardia","71","Males","56071"
"03","Lombardia","71","Females","63453"
"03","Lombardia","72","Total","87655"
"03","Lombardia","72","Males","40885"
"03","Lombardia","72","Females","46770"
"03","Lombardia","73","Total","93279"
"03","Lombardia","73","Males","42871"
"03","Lombardia","73","Females","50408"
"03","Lombardia","74","Total","91531"
"03","Lombardia","74","Males","41603"
"03","Lombardia","74","Females","49928"
"03","Lombardia","75","Total","92592"
"03","Lombardia","75","Males","41821"
"03","Lombardia","75","Females","50771"
"03","Lombardia","76","Total","93823"
"03","Lombardia","76","Males","41808"
"03","Lombardia","76","Females","52015"
"03","Lombardia","77","Total","100601"
"03","Lombardia","77","Males","44839"
"03","Lombardia","77","Females","55762"
"03","Lombardia","78","Total","97086"
"03","Lombardia","78","Males","42798"
"03","Lombardia","78","Females","54288"
"03","Lombardia","79","Total","92141"
"03","Lombardia","79","Males","39848"
"03","Lombardia","79","Females","52293"
"03","Lombardia","80","Total","81016"
"03","Lombardia","80","Males","34313"
"03","Lombardia","80","Females","46703"
"03","Lombardia","81","Total","71940"
"03","Lombardia","81","Males","29700"
"03","Lombardia","81","Females","42240"
"03","Lombardia","82","Total","71157"
"03","Lombardia","82","Males","28599"
"03","Lombardia","82","Females","42558"
"03","Lombardia","83","Total","64494"
"03","Lombardia","83","Males","25162"
"03","Lombardia","83","Females","39332"
"03","Lombardia","84","Total","58784"
"03","Lombardia","84","Males","22171"
"03","Lombardia","84","Females","36613"
"03","Lombardia","85","Total","54235"
"03","Lombardia","85","Males","19784"
"03","Lombardia","85","Females","34451"
"03","Lombardia","86","Total","49155"
"03","Lombardia","86","Males","17341"
"03","Lombardia","86","Females","31814"
"03","Lombardia","87","Total","45206"
"03","Lombardia","87","Males","15015"
"03","Lombardia","87","Females","30191"
"03","Lombardia","88","Total","37910"
"03","Lombardia","88","Males","12029"
"03","Lombardia","88","Females","25881"
"03","Lombardia","89","Total","32253"
"03","Lombardia","89","Males","9626"
"03","Lombardia","89","Females","22627"
"03","Lombardia","90","Total","27137"
"03","Lombardia","90","Males","7581"
"03","Lombardia","90","Females","19556"
"03","Lombardia","91","Total","22000"
"03","Lombardia","91","Males","5852"
"03","Lombardia","91","Females","16148"
"03","Lombardia","92","Total","17970"
"03","Lombardia","92","Males","4394"
"03","Lombardia","92","Females","13576"
"03","Lombardia","93","Total","14388"
"03","Lombardia","93","Males","3224"
"03","Lombardia","93","Females","11164"
"03","Lombardia","94","Total","11285"
"03","Lombardia","94","Males","2494"
"03","Lombardia","94","Females","8791"
"03","Lombardia","95","Total","8143"
"03","Lombardia","95","Males","1597"
"03","Lombardia","95","Females","6546"
"03","Lombardia","96","Total","6178"
"03","Lombardia","96","Males","1127"
"03","Lombardia","96","Females","5051"
"03","Lombardia","97","Total","4312"
"03","Lombardia","97","Males","744"
"03","Lombardia","97","Females","3568"
"03","Lombardia","98","Total","1994"
"03","Lombardia","98","Males","306"
"03","Lombardia","98","Females","1688"
"03","Lombardia","99","Total","1020"
"03","Lombardia","99","Males","155"
"03","Lombardia","99","Females","865"
"03","Lombardia","100 and over","Total","2395"
"03","Lombardia","100 and over","Males","277"
"03","Lombardia","100 and over","Females","2118"
"04","Trentino-Alto Adige/Südtirol","0","Total","9844"
"04","Trentino-Alto Adige/Südtirol","0","Males","5070"
"04","Trentino-Alto Adige/Südtirol","0","Females","4774"
"04","Trentino-Alto Adige/Südtirol","1","Total","10155"
"04","Trentino-Alto Adige/Südtirol","1","Males","5185"
"04","Trentino-Alto Adige/Südtirol","1","Females","4970"
"04","Trentino-Alto Adige/Südtirol","2","Total","10234"
"04","Trentino-Alto Adige/Südtirol","2","Males","5250"
"04","Trentino-Alto Adige/Südtirol","2","Females","4984"
"04","Trentino-Alto Adige/Südtirol","3","Total","10505"
"04","Trentino-Alto Adige/Südtirol","3","Males","5404"
"04","Trentino-Alto Adige/Südtirol","3","Females","5101"
"04","Trentino-Alto Adige/Südtirol","4","Total","10543"
"04","Trentino-Alto Adige/Südtirol","4","Males","5431"
"04","Trentino-Alto Adige/Südtirol","4","Females","5112"
"04","Trentino-Alto Adige/Südtirol","5","Total","10753"
"04","Trentino-Alto Adige/Südtirol","5","Males","5540"
"04","Trentino-Alto Adige/Südtirol","5","Females","5213"
"04","Trentino-Alto Adige/Südtirol","6","Total","10820"
"04","Trentino-Alto Adige/Südtirol","6","Males","5511"
"04","Trentino-Alto Adige/Südtirol","6","Females","5309"
"04","Trentino-Alto Adige/Südtirol","7","Total","10996"
"04","Trentino-Alto Adige/Südtirol","7","Males","5692"
"04","Trentino-Alto Adige/Südtirol","7","Females","5304"
"04","Trentino-Alto Adige/Südtirol","8","Total","10866"
"04","Trentino-Alto Adige/Südtirol","8","Males","5616"
"04","Trentino-Alto Adige/Südtirol","8","Females","5250"
"04","Trentino-Alto Adige/Südtirol","9","Total","11148"
"04","Trentino-Alto Adige/Südtirol","9","Males","5725"
"04","Trentino-Alto Adige/Südtirol","9","Females","5423"
"04","Trentino-Alto Adige/Südtirol","10","Total","11029"
"04","Trentino-Alto Adige/Südtirol","10","Males","5748"
"04","Trentino-Alto Adige/Südtirol","10","Females","5281"
"04","Trentino-Alto Adige/Südtirol","11","Total","11120"
"04","Trentino-Alto Adige/Südtirol","11","Males","5714"
"04","Trentino-Alto Adige/Südtirol","11","Females","5406"
"04","Trentino-Alto Adige/Südtirol","12","Total","11280"
"04","Trentino-Alto Adige/Südtirol","12","Males","5895"
"04","Trentino-Alto Adige/Südtirol","12","Females","5385"
"04","Trentino-Alto Adige/Südtirol","13","Total","11378"
"04","Trentino-Alto Adige/Südtirol","13","Males","5866"
"04","Trentino-Alto Adige/Südtirol","13","Females","5512"
"04","Trentino-Alto Adige/Südtirol","14","Total","11136"
"04","Trentino-Alto Adige/Südtirol","14","Males","5774"
"04","Trentino-Alto Adige/Südtirol","14","Females","5362"
"04","Trentino-Alto Adige/Südtirol","15","Total","11034"
"04","Trentino-Alto Adige/Südtirol","15","Males","5697"
"04","Trentino-Alto Adige/Südtirol","15","Females","5337"
"04","Trentino-Alto Adige/Südtirol","16","Total","11337"
"04","Trentino-Alto Adige/Südtirol","16","Males","5927"
"04","Trentino-Alto Adige/Südtirol","16","Females","5410"
"04","Trentino-Alto Adige/Südtirol","17","Total","11603"
"04","Trentino-Alto Adige/Südtirol","17","Males","5957"
"04","Trentino-Alto Adige/Südtirol","17","Females","5646"
"04","Trentino-Alto Adige/Südtirol","18","Total","11597"
"04","Trentino-Alto Adige/Südtirol","18","Males","5993"
"04","Trentino-Alto Adige/Südtirol","18","Females","5604"
"04","Trentino-Alto Adige/Südtirol","19","Total","11783"
"04","Trentino-Alto Adige/Südtirol","19","Males","6075"
"04","Trentino-Alto Adige/Südtirol","19","Females","5708"
"04","Trentino-Alto Adige/Südtirol","20","Total","11741"
"04","Trentino-Alto Adige/Südtirol","20","Males","6166"
"04","Trentino-Alto Adige/Südtirol","20","Females","5575"
"04","Trentino-Alto Adige/Südtirol","21","Total","11695"
"04","Trentino-Alto Adige/Südtirol","21","Males","6050"
"04","Trentino-Alto Adige/Südtirol","21","Females","5645"
"04","Trentino-Alto Adige/Südtirol","22","Total","11458"
"04","Trentino-Alto Adige/Südtirol","22","Males","5999"
"04","Trentino-Alto Adige/Südtirol","22","Females","5459"
"04","Trentino-Alto Adige/Südtirol","23","Total","11591"
"04","Trentino-Alto Adige/Südtirol","23","Males","5968"
"04","Trentino-Alto Adige/Südtirol","23","Females","5623"
"04","Trentino-Alto Adige/Südtirol","24","Total","11481"
"04","Trentino-Alto Adige/Südtirol","24","Males","5860"
"04","Trentino-Alto Adige/Südtirol","24","Females","5621"
"04","Trentino-Alto Adige/Südtirol","25","Total","11950"
"04","Trentino-Alto Adige/Südtirol","25","Males","6156"
"04","Trentino-Alto Adige/Südtirol","25","Females","5794"
"04","Trentino-Alto Adige/Südtirol","26","Total","11861"
"04","Trentino-Alto Adige/Südtirol","26","Males","6114"
"04","Trentino-Alto Adige/Südtirol","26","Females","5747"
"04","Trentino-Alto Adige/Südtirol","27","Total","11878"
"04","Trentino-Alto Adige/Südtirol","27","Males","6142"
"04","Trentino-Alto Adige/Südtirol","27","Females","5736"
"04","Trentino-Alto Adige/Südtirol","28","Total","11826"
"04","Trentino-Alto Adige/Südtirol","28","Males","5987"
"04","Trentino-Alto Adige/Südtirol","28","Females","5839"
"04","Trentino-Alto Adige/Südtirol","29","Total","11792"
"04","Trentino-Alto Adige/Südtirol","29","Males","6012"
"04","Trentino-Alto Adige/Südtirol","29","Females","5780"
"04","Trentino-Alto Adige/Südtirol","30","Total","11662"
"04","Trentino-Alto Adige/Südtirol","30","Males","5876"
"04","Trentino-Alto Adige/Südtirol","30","Females","5786"
"04","Trentino-Alto Adige/Südtirol","31","Total","11752"
"04","Trentino-Alto Adige/Südtirol","31","Males","5985"
"04","Trentino-Alto Adige/Südtirol","31","Females","5767"
"04","Trentino-Alto Adige/Südtirol","32","Total","12062"
"04","Trentino-Alto Adige/Südtirol","32","Males","6119"
"04","Trentino-Alto Adige/Südtirol","32","Females","5943"
"04","Trentino-Alto Adige/Südtirol","33","Total","12136"
"04","Trentino-Alto Adige/Südtirol","33","Males","6199"
"04","Trentino-Alto Adige/Südtirol","33","Females","5937"
"04","Trentino-Alto Adige/Südtirol","34","Total","12492"
"04","Trentino-Alto Adige/Südtirol","34","Males","6323"
"04","Trentino-Alto Adige/Südtirol","34","Females","6169"
"04","Trentino-Alto Adige/Südtirol","35","Total","12857"
"04","Trentino-Alto Adige/Südtirol","35","Males","6479"
"04","Trentino-Alto Adige/Südtirol","35","Females","6378"
"04","Trentino-Alto Adige/Südtirol","36","Total","12850"
"04","Trentino-Alto Adige/Südtirol","36","Males","6513"
"04","Trentino-Alto Adige/Südtirol","36","Females","6337"
"04","Trentino-Alto Adige/Südtirol","37","Total","12951"
"04","Trentino-Alto Adige/Südtirol","37","Males","6539"
"04","Trentino-Alto Adige/Südtirol","37","Females","6412"
"04","Trentino-Alto Adige/Südtirol","38","Total","13018"
"04","Trentino-Alto Adige/Südtirol","38","Males","6442"
"04","Trentino-Alto Adige/Südtirol","38","Females","6576"
"04","Trentino-Alto Adige/Südtirol","39","Total","13816"
"04","Trentino-Alto Adige/Südtirol","39","Males","6921"
"04","Trentino-Alto Adige/Südtirol","39","Females","6895"
"04","Trentino-Alto Adige/Südtirol","40","Total","13859"
"04","Trentino-Alto Adige/Südtirol","40","Males","6921"
"04","Trentino-Alto Adige/Südtirol","40","Females","6938"
"04","Trentino-Alto Adige/Südtirol","41","Total","14448"
"04","Trentino-Alto Adige/Südtirol","41","Males","7126"
"04","Trentino-Alto Adige/Südtirol","41","Females","7322"
"04","Trentino-Alto Adige/Südtirol","42","Total","15189"
"04","Trentino-Alto Adige/Südtirol","42","Males","7488"
"04","Trentino-Alto Adige/Südtirol","42","Females","7701"
"04","Trentino-Alto Adige/Südtirol","43","Total","16123"
"04","Trentino-Alto Adige/Südtirol","43","Males","8100"
"04","Trentino-Alto Adige/Südtirol","43","Females","8023"
"04","Trentino-Alto Adige/Südtirol","44","Total","16167"
"04","Trentino-Alto Adige/Südtirol","44","Males","7991"
"04","Trentino-Alto Adige/Südtirol","44","Females","8176"
"04","Trentino-Alto Adige/Südtirol","45","Total","16405"
"04","Trentino-Alto Adige/Südtirol","45","Males","8181"
"04","Trentino-Alto Adige/Südtirol","45","Females","8224"
"04","Trentino-Alto Adige/Südtirol","46","Total","16995"
"04","Trentino-Alto Adige/Südtirol","46","Males","8497"
"04","Trentino-Alto Adige/Südtirol","46","Females","8498"
"04","Trentino-Alto Adige/Südtirol","47","Total","16668"
"04","Trentino-Alto Adige/Südtirol","47","Males","8309"
"04","Trentino-Alto Adige/Südtirol","47","Females","8359"
"04","Trentino-Alto Adige/Südtirol","48","Total","17558"
"04","Trentino-Alto Adige/Südtirol","48","Males","8973"
"04","Trentino-Alto Adige/Südtirol","48","Females","8585"
"04","Trentino-Alto Adige/Südtirol","49","Total","17445"
"04","Trentino-Alto Adige/Südtirol","49","Males","8823"
"04","Trentino-Alto Adige/Südtirol","49","Females","8622"
"04","Trentino-Alto Adige/Südtirol","50","Total","17353"
"04","Trentino-Alto Adige/Südtirol","50","Males","8619"
"04","Trentino-Alto Adige/Südtirol","50","Females","8734"
"04","Trentino-Alto Adige/Südtirol","51","Total","17718"
"04","Trentino-Alto Adige/Südtirol","51","Males","8870"
"04","Trentino-Alto Adige/Südtirol","51","Females","8848"
"04","Trentino-Alto Adige/Südtirol","52","Total","17944"
"04","Trentino-Alto Adige/Südtirol","52","Males","9148"
"04","Trentino-Alto Adige/Südtirol","52","Females","8796"
"04","Trentino-Alto Adige/Südtirol","53","Total","17854"
"04","Trentino-Alto Adige/Südtirol","53","Males","9027"
"04","Trentino-Alto Adige/Südtirol","53","Females","8827"
"04","Trentino-Alto Adige/Südtirol","54","Total","16687"
"04","Trentino-Alto Adige/Südtirol","54","Males","8421"
"04","Trentino-Alto Adige/Südtirol","54","Females","8266"
"04","Trentino-Alto Adige/Südtirol","55","Total","15799"
"04","Trentino-Alto Adige/Südtirol","55","Males","7864"
"04","Trentino-Alto Adige/Südtirol","55","Females","7935"
"04","Trentino-Alto Adige/Südtirol","56","Total","15768"
"04","Trentino-Alto Adige/Südtirol","56","Males","7779"
"04","Trentino-Alto Adige/Südtirol","56","Females","7989"
"04","Trentino-Alto Adige/Südtirol","57","Total","15096"
"04","Trentino-Alto Adige/Südtirol","57","Males","7572"
"04","Trentino-Alto Adige/Südtirol","57","Females","7524"
"04","Trentino-Alto Adige/Südtirol","58","Total","14605"
"04","Trentino-Alto Adige/Südtirol","58","Males","7350"
"04","Trentino-Alto Adige/Südtirol","58","Females","7255"
"04","Trentino-Alto Adige/Südtirol","59","Total","13695"
"04","Trentino-Alto Adige/Südtirol","59","Males","6829"
"04","Trentino-Alto Adige/Südtirol","59","Females","6866"
"04","Trentino-Alto Adige/Südtirol","60","Total","13422"
"04","Trentino-Alto Adige/Südtirol","60","Males","6519"
"04","Trentino-Alto Adige/Südtirol","60","Females","6903"
"04","Trentino-Alto Adige/Südtirol","61","Total","13020"
"04","Trentino-Alto Adige/Südtirol","61","Males","6473"
"04","Trentino-Alto Adige/Südtirol","61","Females","6547"
"04","Trentino-Alto Adige/Südtirol","62","Total","12439"
"04","Trentino-Alto Adige/Südtirol","62","Males","6166"
"04","Trentino-Alto Adige/Südtirol","62","Females","6273"
"04","Trentino-Alto Adige/Südtirol","63","Total","12020"
"04","Trentino-Alto Adige/Südtirol","63","Males","5925"
"04","Trentino-Alto Adige/Südtirol","63","Females","6095"
"04","Trentino-Alto Adige/Südtirol","64","Total","11808"
"04","Trentino-Alto Adige/Südtirol","64","Males","5760"
"04","Trentino-Alto Adige/Südtirol","64","Females","6048"
"04","Trentino-Alto Adige/Südtirol","65","Total","11478"
"04","Trentino-Alto Adige/Südtirol","65","Males","5589"
"04","Trentino-Alto Adige/Südtirol","65","Females","5889"
"04","Trentino-Alto Adige/Südtirol","66","Total","11196"
"04","Trentino-Alto Adige/Südtirol","66","Males","5522"
"04","Trentino-Alto Adige/Südtirol","66","Females","5674"
"04","Trentino-Alto Adige/Südtirol","67","Total","11554"
"04","Trentino-Alto Adige/Südtirol","67","Males","5581"
"04","Trentino-Alto Adige/Südtirol","67","Females","5973"
"04","Trentino-Alto Adige/Südtirol","68","Total","11023"
"04","Trentino-Alto Adige/Südtirol","68","Males","5397"
"04","Trentino-Alto Adige/Südtirol","68","Females","5626"
"04","Trentino-Alto Adige/Südtirol","69","Total","11366"
"04","Trentino-Alto Adige/Südtirol","69","Males","5555"
"04","Trentino-Alto Adige/Südtirol","69","Females","5811"
"04","Trentino-Alto Adige/Südtirol","70","Total","11009"
"04","Trentino-Alto Adige/Südtirol","70","Males","5217"
"04","Trentino-Alto Adige/Südtirol","70","Females","5792"
"04","Trentino-Alto Adige/Südtirol","71","Total","11778"
"04","Trentino-Alto Adige/Südtirol","71","Males","5548"
"04","Trentino-Alto Adige/Südtirol","71","Females","6230"
"04","Trentino-Alto Adige/Südtirol","72","Total","8351"
"04","Trentino-Alto Adige/Südtirol","72","Males","3975"
"04","Trentino-Alto Adige/Südtirol","72","Females","4376"
"04","Trentino-Alto Adige/Südtirol","73","Total","9546"
"04","Trentino-Alto Adige/Südtirol","73","Males","4459"
"04","Trentino-Alto Adige/Südtirol","73","Females","5087"
"04","Trentino-Alto Adige/Südtirol","74","Total","10046"
"04","Trentino-Alto Adige/Südtirol","74","Males","4690"
"04","Trentino-Alto Adige/Südtirol","74","Females","5356"
"04","Trentino-Alto Adige/Südtirol","75","Total","9844"
"04","Trentino-Alto Adige/Südtirol","75","Males","4550"
"04","Trentino-Alto Adige/Südtirol","75","Females","5294"
"04","Trentino-Alto Adige/Südtirol","76","Total","9769"
"04","Trentino-Alto Adige/Südtirol","76","Males","4462"
"04","Trentino-Alto Adige/Südtirol","76","Females","5307"
"04","Trentino-Alto Adige/Südtirol","77","Total","9291"
"04","Trentino-Alto Adige/Südtirol","77","Males","4158"
"04","Trentino-Alto Adige/Südtirol","77","Females","5133"
"04","Trentino-Alto Adige/Südtirol","78","Total","8829"
"04","Trentino-Alto Adige/Südtirol","78","Males","3918"
"04","Trentino-Alto Adige/Südtirol","78","Females","4911"
"04","Trentino-Alto Adige/Südtirol","79","Total","8249"
"04","Trentino-Alto Adige/Südtirol","79","Males","3638"
"04","Trentino-Alto Adige/Südtirol","79","Females","4611"
"04","Trentino-Alto Adige/Südtirol","80","Total","7340"
"04","Trentino-Alto Adige/Südtirol","80","Males","3191"
"04","Trentino-Alto Adige/Südtirol","80","Females","4149"
"04","Trentino-Alto Adige/Südtirol","81","Total","6692"
"04","Trentino-Alto Adige/Südtirol","81","Males","2767"
"04","Trentino-Alto Adige/Südtirol","81","Females","3925"
"04","Trentino-Alto Adige/Südtirol","82","Total","6476"
"04","Trentino-Alto Adige/Südtirol","82","Males","2611"
"04","Trentino-Alto Adige/Südtirol","82","Females","3865"
"04","Trentino-Alto Adige/Südtirol","83","Total","6072"
"04","Trentino-Alto Adige/Südtirol","83","Males","2403"
"04","Trentino-Alto Adige/Südtirol","83","Females","3669"
"04","Trentino-Alto Adige/Südtirol","84","Total","5692"
"04","Trentino-Alto Adige/Südtirol","84","Males","2239"
"04","Trentino-Alto Adige/Südtirol","84","Females","3453"
"04","Trentino-Alto Adige/Südtirol","85","Total","5228"
"04","Trentino-Alto Adige/Südtirol","85","Males","1974"
"04","Trentino-Alto Adige/Südtirol","85","Females","3254"
"04","Trentino-Alto Adige/Südtirol","86","Total","4795"
"04","Trentino-Alto Adige/Südtirol","86","Males","1769"
"04","Trentino-Alto Adige/Südtirol","86","Females","3026"
"04","Trentino-Alto Adige/Südtirol","87","Total","4630"
"04","Trentino-Alto Adige/Südtirol","87","Males","1603"
"04","Trentino-Alto Adige/Südtirol","87","Females","3027"
"04","Trentino-Alto Adige/Südtirol","88","Total","3798"
"04","Trentino-Alto Adige/Südtirol","88","Males","1238"
"04","Trentino-Alto Adige/Südtirol","88","Females","2560"
"04","Trentino-Alto Adige/Südtirol","89","Total","3365"
"04","Trentino-Alto Adige/Südtirol","89","Males","1080"
"04","Trentino-Alto Adige/Südtirol","89","Females","2285"
"04","Trentino-Alto Adige/Südtirol","90","Total","2869"
"04","Trentino-Alto Adige/Südtirol","90","Males","867"
"04","Trentino-Alto Adige/Südtirol","90","Females","2002"
"04","Trentino-Alto Adige/Südtirol","91","Total","2399"
"04","Trentino-Alto Adige/Südtirol","91","Males","676"
"04","Trentino-Alto Adige/Südtirol","91","Females","1723"
"04","Trentino-Alto Adige/Südtirol","92","Total","2011"
"04","Trentino-Alto Adige/Südtirol","92","Males","531"
"04","Trentino-Alto Adige/Südtirol","92","Females","1480"
"04","Trentino-Alto Adige/Südtirol","93","Total","1609"
"04","Trentino-Alto Adige/Südtirol","93","Males","381"
"04","Trentino-Alto Adige/Südtirol","93","Females","1228"
"04","Trentino-Alto Adige/Südtirol","94","Total","1421"
"04","Trentino-Alto Adige/Südtirol","94","Males","312"
"04","Trentino-Alto Adige/Südtirol","94","Females","1109"
"04","Trentino-Alto Adige/Südtirol","95","Total","1091"
"04","Trentino-Alto Adige/Südtirol","95","Males","230"
"04","Trentino-Alto Adige/Südtirol","95","Females","861"
"04","Trentino-Alto Adige/Südtirol","96","Total","716"
"04","Trentino-Alto Adige/Südtirol","96","Males","141"
"04","Trentino-Alto Adige/Südtirol","96","Females","575"
"04","Trentino-Alto Adige/Südtirol","97","Total","532"
"04","Trentino-Alto Adige/Südtirol","97","Males","103"
"04","Trentino-Alto Adige/Südtirol","97","Females","429"
"04","Trentino-Alto Adige/Südtirol","98","Total","249"
"04","Trentino-Alto Adige/Südtirol","98","Males","41"
"04","Trentino-Alto Adige/Südtirol","98","Females","208"
"04","Trentino-Alto Adige/Südtirol","99","Total","103"
"04","Trentino-Alto Adige/Südtirol","99","Males","11"
"04","Trentino-Alto Adige/Südtirol","99","Females","92"
"04","Trentino-Alto Adige/Südtirol","100 and over","Total","206"
"04","Trentino-Alto Adige/Südtirol","100 and over","Males","32"
"04","Trentino-Alto Adige/Südtirol","100 and over","Females","174"
"05","Veneto","0","Total","36479"
"05","Veneto","0","Males","18821"
"05","Veneto","0","Females","17658"
"05","Veneto","1","Total","37834"
"05","Veneto","1","Males","19507"
"05","Veneto","1","Females","18327"
"05","Veneto","2","Total","38991"
"05","Veneto","2","Males","19921"
"05","Veneto","2","Females","19070"
"05","Veneto","3","Total","40452"
"05","Veneto","3","Males","20640"
"05","Veneto","3","Females","19812"
"05","Veneto","4","Total","41422"
"05","Veneto","4","Males","21250"
"05","Veneto","4","Females","20172"
"05","Veneto","5","Total","43589"
"05","Veneto","5","Males","22360"
"05","Veneto","5","Females","21229"
"05","Veneto","6","Total","44408"
"05","Veneto","6","Males","22732"
"05","Veneto","6","Females","21676"
"05","Veneto","7","Total","45788"
"05","Veneto","7","Males","23550"
"05","Veneto","7","Females","22238"
"05","Veneto","8","Total","46487"
"05","Veneto","8","Males","23951"
"05","Veneto","8","Females","22536"
"05","Veneto","9","Total","47479"
"05","Veneto","9","Males","24346"
"05","Veneto","9","Females","23133"
"05","Veneto","10","Total","46867"
"05","Veneto","10","Males","23974"
"05","Veneto","10","Females","22893"
"05","Veneto","11","Total","46949"
"05","Veneto","11","Males","24164"
"05","Veneto","11","Females","22785"
"05","Veneto","12","Total","46559"
"05","Veneto","12","Males","24036"
"05","Veneto","12","Females","22523"
"05","Veneto","13","Total","47185"
"05","Veneto","13","Males","24294"
"05","Veneto","13","Females","22891"
"05","Veneto","14","Total","46217"
"05","Veneto","14","Males","23678"
"05","Veneto","14","Females","22539"
"05","Veneto","15","Total","45685"
"05","Veneto","15","Males","23625"
"05","Veneto","15","Females","22060"
"05","Veneto","16","Total","45397"
"05","Veneto","16","Males","23458"
"05","Veneto","16","Females","21939"
"05","Veneto","17","Total","47220"
"05","Veneto","17","Males","24382"
"05","Veneto","17","Females","22838"
"05","Veneto","18","Total","46375"
"05","Veneto","18","Males","23807"
"05","Veneto","18","Females","22568"
"05","Veneto","19","Total","46981"
"05","Veneto","19","Males","24530"
"05","Veneto","19","Females","22451"
"05","Veneto","20","Total","46973"
"05","Veneto","20","Males","24463"
"05","Veneto","20","Females","22510"
"05","Veneto","21","Total","46461"
"05","Veneto","21","Males","24277"
"05","Veneto","21","Females","22184"
"05","Veneto","22","Total","45644"
"05","Veneto","22","Males","23949"
"05","Veneto","22","Females","21695"
"05","Veneto","23","Total","45896"
"05","Veneto","23","Males","23753"
"05","Veneto","23","Females","22143"
"05","Veneto","24","Total","46400"
"05","Veneto","24","Males","23622"
"05","Veneto","24","Females","22778"
"05","Veneto","25","Total","48250"
"05","Veneto","25","Males","24759"
"05","Veneto","25","Females","23491"
"05","Veneto","26","Total","48012"
"05","Veneto","26","Males","24341"
"05","Veneto","26","Females","23671"
"05","Veneto","27","Total","49241"
"05","Veneto","27","Males","25129"
"05","Veneto","27","Females","24112"
"05","Veneto","28","Total","48964"
"05","Veneto","28","Males","24678"
"05","Veneto","28","Females","24286"
"05","Veneto","29","Total","50337"
"05","Veneto","29","Males","25195"
"05","Veneto","29","Females","25142"
"05","Veneto","30","Total","48523"
"05","Veneto","30","Males","24507"
"05","Veneto","30","Females","24016"
"05","Veneto","31","Total","49349"
"05","Veneto","31","Males","24551"
"05","Veneto","31","Females","24798"
"05","Veneto","32","Total","52001"
"05","Veneto","32","Males","25876"
"05","Veneto","32","Females","26125"
"05","Veneto","33","Total","52191"
"05","Veneto","33","Males","25925"
"05","Veneto","33","Females","26266"
"05","Veneto","34","Total","53407"
"05","Veneto","34","Males","26810"
"05","Veneto","34","Females","26597"
"05","Veneto","35","Total","55439"
"05","Veneto","35","Males","27416"
"05","Veneto","35","Females","28023"
"05","Veneto","36","Total","56739"
"05","Veneto","36","Males","28373"
"05","Veneto","36","Females","28366"
"05","Veneto","37","Total","58435"
"05","Veneto","37","Males","29569"
"05","Veneto","37","Females","28866"
"05","Veneto","38","Total","61048"
"05","Veneto","38","Males","30672"
"05","Veneto","38","Females","30376"
"05","Veneto","39","Total","65307"
"05","Veneto","39","Males","32743"
"05","Veneto","39","Females","32564"
"05","Veneto","40","Total","67761"
"05","Veneto","40","Males","33825"
"05","Veneto","40","Females","33936"
"05","Veneto","41","Total","71024"
"05","Veneto","41","Males","35736"
"05","Veneto","41","Females","35288"
"05","Veneto","42","Total","74637"
"05","Veneto","42","Males","37638"
"05","Veneto","42","Females","36999"
"05","Veneto","43","Total","79501"
"05","Veneto","43","Males","40029"
"05","Veneto","43","Females","39472"
"05","Veneto","44","Total","78881"
"05","Veneto","44","Males","39759"
"05","Veneto","44","Females","39122"
"05","Veneto","45","Total","80162"
"05","Veneto","45","Males","40776"
"05","Veneto","45","Females","39386"
"05","Veneto","46","Total","81203"
"05","Veneto","46","Males","40866"
"05","Veneto","46","Females","40337"
"05","Veneto","47","Total","81340"
"05","Veneto","47","Males","41069"
"05","Veneto","47","Females","40271"
"05","Veneto","48","Total","83548"
"05","Veneto","48","Males","42183"
"05","Veneto","48","Females","41365"
"05","Veneto","49","Total","82581"
"05","Veneto","49","Males","41475"
"05","Veneto","49","Females","41106"
"05","Veneto","50","Total","83227"
"05","Veneto","50","Males","41923"
"05","Veneto","50","Females","41304"
"05","Veneto","51","Total","83953"
"05","Veneto","51","Males","42153"
"05","Veneto","51","Females","41800"
"05","Veneto","52","Total","83987"
"05","Veneto","52","Males","42227"
"05","Veneto","52","Females","41760"
"05","Veneto","53","Total","84616"
"05","Veneto","53","Males","42068"
"05","Veneto","53","Females","42548"
"05","Veneto","54","Total","79137"
"05","Veneto","54","Males","39426"
"05","Veneto","54","Females","39711"
"05","Veneto","55","Total","76254"
"05","Veneto","55","Males","37971"
"05","Veneto","55","Females","38283"
"05","Veneto","56","Total","74573"
"05","Veneto","56","Males","36983"
"05","Veneto","56","Females","37590"
"05","Veneto","57","Total","70482"
"05","Veneto","57","Males","34825"
"05","Veneto","57","Females","35657"
"05","Veneto","58","Total","70021"
"05","Veneto","58","Males","34618"
"05","Veneto","58","Females","35403"
"05","Veneto","59","Total","65620"
"05","Veneto","59","Males","32225"
"05","Veneto","59","Females","33395"
"05","Veneto","60","Total","64191"
"05","Veneto","60","Males","31541"
"05","Veneto","60","Females","32650"
"05","Veneto","61","Total","63020"
"05","Veneto","61","Males","30692"
"05","Veneto","61","Females","32328"
"05","Veneto","62","Total","60632"
"05","Veneto","62","Males","29455"
"05","Veneto","62","Females","31177"
"05","Veneto","63","Total","59586"
"05","Veneto","63","Males","29155"
"05","Veneto","63","Females","30431"
"05","Veneto","64","Total","57537"
"05","Veneto","64","Males","28175"
"05","Veneto","64","Females","29362"
"05","Veneto","65","Total","56502"
"05","Veneto","65","Males","27397"
"05","Veneto","65","Females","29105"
"05","Veneto","66","Total","55564"
"05","Veneto","66","Males","27075"
"05","Veneto","66","Females","28489"
"05","Veneto","67","Total","57824"
"05","Veneto","67","Males","27649"
"05","Veneto","67","Females","30175"
"05","Veneto","68","Total","56878"
"05","Veneto","68","Males","27420"
"05","Veneto","68","Females","29458"
"05","Veneto","69","Total","58329"
"05","Veneto","69","Males","27882"
"05","Veneto","69","Females","30447"
"05","Veneto","70","Total","56845"
"05","Veneto","70","Males","27092"
"05","Veneto","70","Females","29753"
"05","Veneto","71","Total","61221"
"05","Veneto","71","Males","29111"
"05","Veneto","71","Females","32110"
"05","Veneto","72","Total","41639"
"05","Veneto","72","Males","19397"
"05","Veneto","72","Females","22242"
"05","Veneto","73","Total","47926"
"05","Veneto","73","Males","22417"
"05","Veneto","73","Females","25509"
"05","Veneto","74","Total","48497"
"05","Veneto","74","Males","22332"
"05","Veneto","74","Females","26165"
"05","Veneto","75","Total","46639"
"05","Veneto","75","Males","21263"
"05","Veneto","75","Females","25376"
"05","Veneto","76","Total","45825"
"05","Veneto","76","Males","20891"
"05","Veneto","76","Females","24934"
"05","Veneto","77","Total","47742"
"05","Veneto","77","Males","21400"
"05","Veneto","77","Females","26342"
"05","Veneto","78","Total","46005"
"05","Veneto","78","Males","20737"
"05","Veneto","78","Females","25268"
"05","Veneto","79","Total","43493"
"05","Veneto","79","Males","18904"
"05","Veneto","79","Females","24589"
"05","Veneto","80","Total","38582"
"05","Veneto","80","Males","16498"
"05","Veneto","80","Females","22084"
"05","Veneto","81","Total","34966"
"05","Veneto","81","Males","14394"
"05","Veneto","81","Females","20572"
"05","Veneto","82","Total","34232"
"05","Veneto","82","Males","14035"
"05","Veneto","82","Females","20197"
"05","Veneto","83","Total","31685"
"05","Veneto","83","Males","12596"
"05","Veneto","83","Females","19089"
"05","Veneto","84","Total","27766"
"05","Veneto","84","Males","10648"
"05","Veneto","84","Females","17118"
"05","Veneto","85","Total","25995"
"05","Veneto","85","Males","9406"
"05","Veneto","85","Females","16589"
"05","Veneto","86","Total","23646"
"05","Veneto","86","Males","8306"
"05","Veneto","86","Females","15340"
"05","Veneto","87","Total","22413"
"05","Veneto","87","Males","7440"
"05","Veneto","87","Females","14973"
"05","Veneto","88","Total","18283"
"05","Veneto","88","Males","5876"
"05","Veneto","88","Females","12407"
"05","Veneto","89","Total","16445"
"05","Veneto","89","Males","4850"
"05","Veneto","89","Females","11595"
"05","Veneto","90","Total","14315"
"05","Veneto","90","Males","4007"
"05","Veneto","90","Females","10308"
"05","Veneto","91","Total","11604"
"05","Veneto","91","Males","3082"
"05","Veneto","91","Females","8522"
"05","Veneto","92","Total","9494"
"05","Veneto","92","Males","2342"
"05","Veneto","92","Females","7152"
"05","Veneto","93","Total","7416"
"05","Veneto","93","Males","1755"
"05","Veneto","93","Females","5661"
"05","Veneto","94","Total","6099"
"05","Veneto","94","Males","1377"
"05","Veneto","94","Females","4722"
"05","Veneto","95","Total","4410"
"05","Veneto","95","Males","912"
"05","Veneto","95","Females","3498"
"05","Veneto","96","Total","3196"
"05","Veneto","96","Males","573"
"05","Veneto","96","Females","2623"
"05","Veneto","97","Total","2256"
"05","Veneto","97","Males","386"
"05","Veneto","97","Females","1870"
"05","Veneto","98","Total","1009"
"05","Veneto","98","Males","170"
"05","Veneto","98","Females","839"
"05","Veneto","99","Total","543"
"05","Veneto","99","Males","98"
"05","Veneto","99","Females","445"
"05","Veneto","100 and over","Total","1197"
"05","Veneto","100 and over","Males","155"
"05","Veneto","100 and over","Females","1042"
"06","Friuli-Venezia Giulia","0","Total","8115"
"06","Friuli-Venezia Giulia","0","Males","4119"
"06","Friuli-Venezia Giulia","0","Females","3996"
"06","Friuli-Venezia Giulia","1","Total","8496"
"06","Friuli-Venezia Giulia","1","Males","4377"
"06","Friuli-Venezia Giulia","1","Females","4119"
"06","Friuli-Venezia Giulia","2","Total","8591"
"06","Friuli-Venezia Giulia","2","Males","4392"
"06","Friuli-Venezia Giulia","2","Females","4199"
"06","Friuli-Venezia Giulia","3","Total","9158"
"06","Friuli-Venezia Giulia","3","Males","4751"
"06","Friuli-Venezia Giulia","3","Females","4407"
"06","Friuli-Venezia Giulia","4","Total","9365"
"06","Friuli-Venezia Giulia","4","Males","4833"
"06","Friuli-Venezia Giulia","4","Females","4532"
"06","Friuli-Venezia Giulia","5","Total","9782"
"06","Friuli-Venezia Giulia","5","Males","4969"
"06","Friuli-Venezia Giulia","5","Females","4813"
"06","Friuli-Venezia Giulia","6","Total","9956"
"06","Friuli-Venezia Giulia","6","Males","5199"
"06","Friuli-Venezia Giulia","6","Females","4757"
"06","Friuli-Venezia Giulia","7","Total","10385"
"06","Friuli-Venezia Giulia","7","Males","5322"
"06","Friuli-Venezia Giulia","7","Females","5063"
"06","Friuli-Venezia Giulia","8","Total","10510"
"06","Friuli-Venezia Giulia","8","Males","5355"
"06","Friuli-Venezia Giulia","8","Females","5155"
"06","Friuli-Venezia Giulia","9","Total","10459"
"06","Friuli-Venezia Giulia","9","Males","5417"
"06","Friuli-Venezia Giulia","9","Females","5042"
"06","Friuli-Venezia Giulia","10","Total","10655"
"06","Friuli-Venezia Giulia","10","Males","5410"
"06","Friuli-Venezia Giulia","10","Females","5245"
"06","Friuli-Venezia Giulia","11","Total","10639"
"06","Friuli-Venezia Giulia","11","Males","5412"
"06","Friuli-Venezia Giulia","11","Females","5227"
"06","Friuli-Venezia Giulia","12","Total","10422"
"06","Friuli-Venezia Giulia","12","Males","5411"
"06","Friuli-Venezia Giulia","12","Females","5011"
"06","Friuli-Venezia Giulia","13","Total","10486"
"06","Friuli-Venezia Giulia","13","Males","5319"
"06","Friuli-Venezia Giulia","13","Females","5167"
"06","Friuli-Venezia Giulia","14","Total","10421"
"06","Friuli-Venezia Giulia","14","Males","5423"
"06","Friuli-Venezia Giulia","14","Females","4998"
"06","Friuli-Venezia Giulia","15","Total","10287"
"06","Friuli-Venezia Giulia","15","Males","5285"
"06","Friuli-Venezia Giulia","15","Females","5002"
"06","Friuli-Venezia Giulia","16","Total","10424"
"06","Friuli-Venezia Giulia","16","Males","5419"
"06","Friuli-Venezia Giulia","16","Females","5005"
"06","Friuli-Venezia Giulia","17","Total","10699"
"06","Friuli-Venezia Giulia","17","Males","5502"
"06","Friuli-Venezia Giulia","17","Females","5197"
"06","Friuli-Venezia Giulia","18","Total","10321"
"06","Friuli-Venezia Giulia","18","Males","5384"
"06","Friuli-Venezia Giulia","18","Females","4937"
"06","Friuli-Venezia Giulia","19","Total","10438"
"06","Friuli-Venezia Giulia","19","Males","5491"
"06","Friuli-Venezia Giulia","19","Females","4947"
"06","Friuli-Venezia Giulia","20","Total","10292"
"06","Friuli-Venezia Giulia","20","Males","5403"
"06","Friuli-Venezia Giulia","20","Females","4889"
"06","Friuli-Venezia Giulia","21","Total","10590"
"06","Friuli-Venezia Giulia","21","Males","5585"
"06","Friuli-Venezia Giulia","21","Females","5005"
"06","Friuli-Venezia Giulia","22","Total","10238"
"06","Friuli-Venezia Giulia","22","Males","5376"
"06","Friuli-Venezia Giulia","22","Females","4862"
"06","Friuli-Venezia Giulia","23","Total","10290"
"06","Friuli-Venezia Giulia","23","Males","5359"
"06","Friuli-Venezia Giulia","23","Females","4931"
"06","Friuli-Venezia Giulia","24","Total","10523"
"06","Friuli-Venezia Giulia","24","Males","5498"
"06","Friuli-Venezia Giulia","24","Females","5025"
"06","Friuli-Venezia Giulia","25","Total","11182"
"06","Friuli-Venezia Giulia","25","Males","5790"
"06","Friuli-Venezia Giulia","25","Females","5392"
"06","Friuli-Venezia Giulia","26","Total","11149"
"06","Friuli-Venezia Giulia","26","Males","5663"
"06","Friuli-Venezia Giulia","26","Females","5486"
"06","Friuli-Venezia Giulia","27","Total","11432"
"06","Friuli-Venezia Giulia","27","Males","5865"
"06","Friuli-Venezia Giulia","27","Females","5567"
"06","Friuli-Venezia Giulia","28","Total","11460"
"06","Friuli-Venezia Giulia","28","Males","5872"
"06","Friuli-Venezia Giulia","28","Females","5588"
"06","Friuli-Venezia Giulia","29","Total","11833"
"06","Friuli-Venezia Giulia","29","Males","6021"
"06","Friuli-Venezia Giulia","29","Females","5812"
"06","Friuli-Venezia Giulia","30","Total","11299"
"06","Friuli-Venezia Giulia","30","Males","5682"
"06","Friuli-Venezia Giulia","30","Females","5617"
"06","Friuli-Venezia Giulia","31","Total","11693"
"06","Friuli-Venezia Giulia","31","Males","5919"
"06","Friuli-Venezia Giulia","31","Females","5774"
"06","Friuli-Venezia Giulia","32","Total","12256"
"06","Friuli-Venezia Giulia","32","Males","6135"
"06","Friuli-Venezia Giulia","32","Females","6121"
"06","Friuli-Venezia Giulia","33","Total","12458"
"06","Friuli-Venezia Giulia","33","Males","6386"
"06","Friuli-Venezia Giulia","33","Females","6072"
"06","Friuli-Venezia Giulia","34","Total","12547"
"06","Friuli-Venezia Giulia","34","Males","6410"
"06","Friuli-Venezia Giulia","34","Females","6137"
"06","Friuli-Venezia Giulia","35","Total","13308"
"06","Friuli-Venezia Giulia","35","Males","6781"
"06","Friuli-Venezia Giulia","35","Females","6527"
"06","Friuli-Venezia Giulia","36","Total","13388"
"06","Friuli-Venezia Giulia","36","Males","6874"
"06","Friuli-Venezia Giulia","36","Females","6514"
"06","Friuli-Venezia Giulia","37","Total","13849"
"06","Friuli-Venezia Giulia","37","Males","7061"
"06","Friuli-Venezia Giulia","37","Females","6788"
"06","Friuli-Venezia Giulia","38","Total","14298"
"06","Friuli-Venezia Giulia","38","Males","7349"
"06","Friuli-Venezia Giulia","38","Females","6949"
"06","Friuli-Venezia Giulia","39","Total","15596"
"06","Friuli-Venezia Giulia","39","Males","8003"
"06","Friuli-Venezia Giulia","39","Females","7593"
"06","Friuli-Venezia Giulia","40","Total","15809"
"06","Friuli-Venezia Giulia","40","Males","8045"
"06","Friuli-Venezia Giulia","40","Females","7764"
"06","Friuli-Venezia Giulia","41","Total","16799"
"06","Friuli-Venezia Giulia","41","Males","8397"
"06","Friuli-Venezia Giulia","41","Females","8402"
"06","Friuli-Venezia Giulia","42","Total","17779"
"06","Friuli-Venezia Giulia","42","Males","8982"
"06","Friuli-Venezia Giulia","42","Females","8797"
"06","Friuli-Venezia Giulia","43","Total","19239"
"06","Friuli-Venezia Giulia","43","Males","9712"
"06","Friuli-Venezia Giulia","43","Females","9527"
"06","Friuli-Venezia Giulia","44","Total","19074"
"06","Friuli-Venezia Giulia","44","Males","9496"
"06","Friuli-Venezia Giulia","44","Females","9578"
"06","Friuli-Venezia Giulia","45","Total","19715"
"06","Friuli-Venezia Giulia","45","Males","9899"
"06","Friuli-Venezia Giulia","45","Females","9816"
"06","Friuli-Venezia Giulia","46","Total","19746"
"06","Friuli-Venezia Giulia","46","Males","9854"
"06","Friuli-Venezia Giulia","46","Females","9892"
"06","Friuli-Venezia Giulia","47","Total","19925"
"06","Friuli-Venezia Giulia","47","Males","9846"
"06","Friuli-Venezia Giulia","47","Females","10079"
"06","Friuli-Venezia Giulia","48","Total","20104"
"06","Friuli-Venezia Giulia","48","Males","10133"
"06","Friuli-Venezia Giulia","48","Females","9971"
"06","Friuli-Venezia Giulia","49","Total","19984"
"06","Friuli-Venezia Giulia","49","Males","10097"
"06","Friuli-Venezia Giulia","49","Females","9887"
"06","Friuli-Venezia Giulia","50","Total","20246"
"06","Friuli-Venezia Giulia","50","Males","10043"
"06","Friuli-Venezia Giulia","50","Females","10203"
"06","Friuli-Venezia Giulia","51","Total","20266"
"06","Friuli-Venezia Giulia","51","Males","10069"
"06","Friuli-Venezia Giulia","51","Females","10197"
"06","Friuli-Venezia Giulia","52","Total","20534"
"06","Friuli-Venezia Giulia","52","Males","10296"
"06","Friuli-Venezia Giulia","52","Females","10238"
"06","Friuli-Venezia Giulia","53","Total","20922"
"06","Friuli-Venezia Giulia","53","Males","10471"
"06","Friuli-Venezia Giulia","53","Females","10451"
"06","Friuli-Venezia Giulia","54","Total","19796"
"06","Friuli-Venezia Giulia","54","Males","9762"
"06","Friuli-Venezia Giulia","54","Females","10034"
"06","Friuli-Venezia Giulia","55","Total","18725"
"06","Friuli-Venezia Giulia","55","Males","9341"
"06","Friuli-Venezia Giulia","55","Females","9384"
"06","Friuli-Venezia Giulia","56","Total","18256"
"06","Friuli-Venezia Giulia","56","Males","9161"
"06","Friuli-Venezia Giulia","56","Females","9095"
"06","Friuli-Venezia Giulia","57","Total","17672"
"06","Friuli-Venezia Giulia","57","Males","8870"
"06","Friuli-Venezia Giulia","57","Females","8802"
"06","Friuli-Venezia Giulia","58","Total","17489"
"06","Friuli-Venezia Giulia","58","Males","8646"
"06","Friuli-Venezia Giulia","58","Females","8843"
"06","Friuli-Venezia Giulia","59","Total","16447"
"06","Friuli-Venezia Giulia","59","Males","7980"
"06","Friuli-Venezia Giulia","59","Females","8467"
"06","Friuli-Venezia Giulia","60","Total","16097"
"06","Friuli-Venezia Giulia","60","Males","7776"
"06","Friuli-Venezia Giulia","60","Females","8321"
"06","Friuli-Venezia Giulia","61","Total","15906"
"06","Friuli-Venezia Giulia","61","Males","7789"
"06","Friuli-Venezia Giulia","61","Females","8117"
"06","Friuli-Venezia Giulia","62","Total","15557"
"06","Friuli-Venezia Giulia","62","Males","7594"
"06","Friuli-Venezia Giulia","62","Females","7963"
"06","Friuli-Venezia Giulia","63","Total","15336"
"06","Friuli-Venezia Giulia","63","Males","7381"
"06","Friuli-Venezia Giulia","63","Females","7955"
"06","Friuli-Venezia Giulia","64","Total","15214"
"06","Friuli-Venezia Giulia","64","Males","7268"
"06","Friuli-Venezia Giulia","64","Females","7946"
"06","Friuli-Venezia Giulia","65","Total","15008"
"06","Friuli-Venezia Giulia","65","Males","7049"
"06","Friuli-Venezia Giulia","65","Females","7959"
"06","Friuli-Venezia Giulia","66","Total","14875"
"06","Friuli-Venezia Giulia","66","Males","7031"
"06","Friuli-Venezia Giulia","66","Females","7844"
"06","Friuli-Venezia Giulia","67","Total","15789"
"06","Friuli-Venezia Giulia","67","Males","7479"
"06","Friuli-Venezia Giulia","67","Females","8310"
"06","Friuli-Venezia Giulia","68","Total","15554"
"06","Friuli-Venezia Giulia","68","Males","7392"
"06","Friuli-Venezia Giulia","68","Females","8162"
"06","Friuli-Venezia Giulia","69","Total","16519"
"06","Friuli-Venezia Giulia","69","Males","7881"
"06","Friuli-Venezia Giulia","69","Females","8638"
"06","Friuli-Venezia Giulia","70","Total","16475"
"06","Friuli-Venezia Giulia","70","Males","7690"
"06","Friuli-Venezia Giulia","70","Females","8785"
"06","Friuli-Venezia Giulia","71","Total","17265"
"06","Friuli-Venezia Giulia","71","Males","8183"
"06","Friuli-Venezia Giulia","71","Females","9082"
"06","Friuli-Venezia Giulia","72","Total","11746"
"06","Friuli-Venezia Giulia","72","Males","5557"
"06","Friuli-Venezia Giulia","72","Females","6189"
"06","Friuli-Venezia Giulia","73","Total","13982"
"06","Friuli-Venezia Giulia","73","Males","6487"
"06","Friuli-Venezia Giulia","73","Females","7495"
"06","Friuli-Venezia Giulia","74","Total","13615"
"06","Friuli-Venezia Giulia","74","Males","6322"
"06","Friuli-Venezia Giulia","74","Females","7293"
"06","Friuli-Venezia Giulia","75","Total","13606"
"06","Friuli-Venezia Giulia","75","Males","6132"
"06","Friuli-Venezia Giulia","75","Females","7474"
"06","Friuli-Venezia Giulia","76","Total","13633"
"06","Friuli-Venezia Giulia","76","Males","6182"
"06","Friuli-Venezia Giulia","76","Females","7451"
"06","Friuli-Venezia Giulia","77","Total","14207"
"06","Friuli-Venezia Giulia","77","Males","6393"
"06","Friuli-Venezia Giulia","77","Females","7814"
"06","Friuli-Venezia Giulia","78","Total","13346"
"06","Friuli-Venezia Giulia","78","Males","5887"
"06","Friuli-Venezia Giulia","78","Females","7459"
"06","Friuli-Venezia Giulia","79","Total","12528"
"06","Friuli-Venezia Giulia","79","Males","5444"
"06","Friuli-Venezia Giulia","79","Females","7084"
"06","Friuli-Venezia Giulia","80","Total","11254"
"06","Friuli-Venezia Giulia","80","Males","4842"
"06","Friuli-Venezia Giulia","80","Females","6412"
"06","Friuli-Venezia Giulia","81","Total","10048"
"06","Friuli-Venezia Giulia","81","Males","4115"
"06","Friuli-Venezia Giulia","81","Females","5933"
"06","Friuli-Venezia Giulia","82","Total","9537"
"06","Friuli-Venezia Giulia","82","Males","3859"
"06","Friuli-Venezia Giulia","82","Females","5678"
"06","Friuli-Venezia Giulia","83","Total","8491"
"06","Friuli-Venezia Giulia","83","Males","3242"
"06","Friuli-Venezia Giulia","83","Females","5249"
"06","Friuli-Venezia Giulia","84","Total","7818"
"06","Friuli-Venezia Giulia","84","Males","2981"
"06","Friuli-Venezia Giulia","84","Females","4837"
"06","Friuli-Venezia Giulia","85","Total","7244"
"06","Friuli-Venezia Giulia","85","Males","2617"
"06","Friuli-Venezia Giulia","85","Females","4627"
"06","Friuli-Venezia Giulia","86","Total","6574"
"06","Friuli-Venezia Giulia","86","Males","2289"
"06","Friuli-Venezia Giulia","86","Females","4285"
"06","Friuli-Venezia Giulia","87","Total","6445"
"06","Friuli-Venezia Giulia","87","Males","2125"
"06","Friuli-Venezia Giulia","87","Females","4320"
"06","Friuli-Venezia Giulia","88","Total","5364"
"06","Friuli-Venezia Giulia","88","Males","1692"
"06","Friuli-Venezia Giulia","88","Females","3672"
"06","Friuli-Venezia Giulia","89","Total","4657"
"06","Friuli-Venezia Giulia","89","Males","1405"
"06","Friuli-Venezia Giulia","89","Females","3252"
"06","Friuli-Venezia Giulia","90","Total","4117"
"06","Friuli-Venezia Giulia","90","Males","1137"
"06","Friuli-Venezia Giulia","90","Females","2980"
"06","Friuli-Venezia Giulia","91","Total","3600"
"06","Friuli-Venezia Giulia","91","Males","898"
"06","Friuli-Venezia Giulia","91","Females","2702"
"06","Friuli-Venezia Giulia","92","Total","2957"
"06","Friuli-Venezia Giulia","92","Males","718"
"06","Friuli-Venezia Giulia","92","Females","2239"
"06","Friuli-Venezia Giulia","93","Total","2481"
"06","Friuli-Venezia Giulia","93","Males","563"
"06","Friuli-Venezia Giulia","93","Females","1918"
"06","Friuli-Venezia Giulia","94","Total","1945"
"06","Friuli-Venezia Giulia","94","Males","433"
"06","Friuli-Venezia Giulia","94","Females","1512"
"06","Friuli-Venezia Giulia","95","Total","1468"
"06","Friuli-Venezia Giulia","95","Males","293"
"06","Friuli-Venezia Giulia","95","Females","1175"
"06","Friuli-Venezia Giulia","96","Total","1257"
"06","Friuli-Venezia Giulia","96","Males","219"
"06","Friuli-Venezia Giulia","96","Females","1038"
"06","Friuli-Venezia Giulia","97","Total","846"
"06","Friuli-Venezia Giulia","97","Males","138"
"06","Friuli-Venezia Giulia","97","Females","708"
"06","Friuli-Venezia Giulia","98","Total","382"
"06","Friuli-Venezia Giulia","98","Males","63"
"06","Friuli-Venezia Giulia","98","Females","319"
"06","Friuli-Venezia Giulia","99","Total","175"
"06","Friuli-Venezia Giulia","99","Males","26"
"06","Friuli-Venezia Giulia","99","Females","149"
"06","Friuli-Venezia Giulia","100 and over","Total","420"
"06","Friuli-Venezia Giulia","100 and over","Males","53"
"06","Friuli-Venezia Giulia","100 and over","Females","367"
"07","Liguria","0","Total","9536"
"07","Liguria","0","Males","4934"
"07","Liguria","0","Females","4602"
"07","Liguria","1","Total","9854"
"07","Liguria","1","Males","5134"
"07","Liguria","1","Females","4720"
"07","Liguria","2","Total","10126"
"07","Liguria","2","Males","5156"
"07","Liguria","2","Females","4970"
"07","Liguria","3","Total","10800"
"07","Liguria","3","Males","5601"
"07","Liguria","3","Females","5199"
"07","Liguria","4","Total","10926"
"07","Liguria","4","Males","5659"
"07","Liguria","4","Females","5267"
"07","Liguria","5","Total","11508"
"07","Liguria","5","Males","5902"
"07","Liguria","5","Females","5606"
"07","Liguria","6","Total","11349"
"07","Liguria","6","Males","5836"
"07","Liguria","6","Females","5513"
"07","Liguria","7","Total","11832"
"07","Liguria","7","Males","6023"
"07","Liguria","7","Females","5809"
"07","Liguria","8","Total","12370"
"07","Liguria","8","Males","6215"
"07","Liguria","8","Females","6155"
"07","Liguria","9","Total","12634"
"07","Liguria","9","Males","6417"
"07","Liguria","9","Females","6217"
"07","Liguria","10","Total","12337"
"07","Liguria","10","Males","6472"
"07","Liguria","10","Females","5865"
"07","Liguria","11","Total","12545"
"07","Liguria","11","Males","6393"
"07","Liguria","11","Females","6152"
"07","Liguria","12","Total","12450"
"07","Liguria","12","Males","6467"
"07","Liguria","12","Females","5983"
"07","Liguria","13","Total","12535"
"07","Liguria","13","Males","6399"
"07","Liguria","13","Females","6136"
"07","Liguria","14","Total","12310"
"07","Liguria","14","Males","6378"
"07","Liguria","14","Females","5932"
"07","Liguria","15","Total","12595"
"07","Liguria","15","Males","6507"
"07","Liguria","15","Females","6088"
"07","Liguria","16","Total","12678"
"07","Liguria","16","Males","6478"
"07","Liguria","16","Females","6200"
"07","Liguria","17","Total","12937"
"07","Liguria","17","Males","6733"
"07","Liguria","17","Females","6204"
"07","Liguria","18","Total","12892"
"07","Liguria","18","Males","6866"
"07","Liguria","18","Females","6026"
"07","Liguria","19","Total","13181"
"07","Liguria","19","Males","7018"
"07","Liguria","19","Females","6163"
"07","Liguria","20","Total","13140"
"07","Liguria","20","Males","6935"
"07","Liguria","20","Females","6205"
"07","Liguria","21","Total","13392"
"07","Liguria","21","Males","7202"
"07","Liguria","21","Females","6190"
"07","Liguria","22","Total","13033"
"07","Liguria","22","Males","6845"
"07","Liguria","22","Females","6188"
"07","Liguria","23","Total","13079"
"07","Liguria","23","Males","6783"
"07","Liguria","23","Females","6296"
"07","Liguria","24","Total","13380"
"07","Liguria","24","Males","6957"
"07","Liguria","24","Females","6423"
"07","Liguria","25","Total","14135"
"07","Liguria","25","Males","7376"
"07","Liguria","25","Females","6759"
"07","Liguria","26","Total","13867"
"07","Liguria","26","Males","7065"
"07","Liguria","26","Females","6802"
"07","Liguria","27","Total","14054"
"07","Liguria","27","Males","7157"
"07","Liguria","27","Females","6897"
"07","Liguria","28","Total","13972"
"07","Liguria","28","Males","7080"
"07","Liguria","28","Females","6892"
"07","Liguria","29","Total","14355"
"07","Liguria","29","Males","7306"
"07","Liguria","29","Females","7049"
"07","Liguria","30","Total","13988"
"07","Liguria","30","Males","7218"
"07","Liguria","30","Females","6770"
"07","Liguria","31","Total","13918"
"07","Liguria","31","Males","7108"
"07","Liguria","31","Females","6810"
"07","Liguria","32","Total","14433"
"07","Liguria","32","Males","7328"
"07","Liguria","32","Females","7105"
"07","Liguria","33","Total","14522"
"07","Liguria","33","Males","7371"
"07","Liguria","33","Females","7151"
"07","Liguria","34","Total","14882"
"07","Liguria","34","Males","7606"
"07","Liguria","34","Females","7276"
"07","Liguria","35","Total","14881"
"07","Liguria","35","Males","7569"
"07","Liguria","35","Females","7312"
"07","Liguria","36","Total","15508"
"07","Liguria","36","Males","7779"
"07","Liguria","36","Females","7729"
"07","Liguria","37","Total","15357"
"07","Liguria","37","Males","7690"
"07","Liguria","37","Females","7667"
"07","Liguria","38","Total","16148"
"07","Liguria","38","Males","7924"
"07","Liguria","38","Females","8224"
"07","Liguria","39","Total","17403"
"07","Liguria","39","Males","8485"
"07","Liguria","39","Females","8918"
"07","Liguria","40","Total","18468"
"07","Liguria","40","Males","9068"
"07","Liguria","40","Females","9400"
"07","Liguria","41","Total","19611"
"07","Liguria","41","Males","9729"
"07","Liguria","41","Females","9882"
"07","Liguria","42","Total","21079"
"07","Liguria","42","Males","10436"
"07","Liguria","42","Females","10643"
"07","Liguria","43","Total","22461"
"07","Liguria","43","Males","11002"
"07","Liguria","43","Females","11459"
"07","Liguria","44","Total","22910"
"07","Liguria","44","Males","11371"
"07","Liguria","44","Females","11539"
"07","Liguria","45","Total","24186"
"07","Liguria","45","Males","11965"
"07","Liguria","45","Females","12221"
"07","Liguria","46","Total","24347"
"07","Liguria","46","Males","12069"
"07","Liguria","46","Females","12278"
"07","Liguria","47","Total","24565"
"07","Liguria","47","Males","12013"
"07","Liguria","47","Females","12552"
"07","Liguria","48","Total","25178"
"07","Liguria","48","Males","12388"
"07","Liguria","48","Females","12790"
"07","Liguria","49","Total","25484"
"07","Liguria","49","Males","12647"
"07","Liguria","49","Females","12837"
"07","Liguria","50","Total","25244"
"07","Liguria","50","Males","12240"
"07","Liguria","50","Females","13004"
"07","Liguria","51","Total","26370"
"07","Liguria","51","Males","12940"
"07","Liguria","51","Females","13430"
"07","Liguria","52","Total","26869"
"07","Liguria","52","Males","13185"
"07","Liguria","52","Females","13684"
"07","Liguria","53","Total","27119"
"07","Liguria","53","Males","13426"
"07","Liguria","53","Females","13693"
"07","Liguria","54","Total","25465"
"07","Liguria","54","Males","12392"
"07","Liguria","54","Females","13073"
"07","Liguria","55","Total","24527"
"07","Liguria","55","Males","11902"
"07","Liguria","55","Females","12625"
"07","Liguria","56","Total","23762"
"07","Liguria","56","Males","11537"
"07","Liguria","56","Females","12225"
"07","Liguria","57","Total","22952"
"07","Liguria","57","Males","11159"
"07","Liguria","57","Females","11793"
"07","Liguria","58","Total","22782"
"07","Liguria","58","Males","11035"
"07","Liguria","58","Females","11747"
"07","Liguria","59","Total","21768"
"07","Liguria","59","Males","10451"
"07","Liguria","59","Females","11317"
"07","Liguria","60","Total","21512"
"07","Liguria","60","Males","10474"
"07","Liguria","60","Females","11038"
"07","Liguria","61","Total","20947"
"07","Liguria","61","Males","10122"
"07","Liguria","61","Females","10825"
"07","Liguria","62","Total","20235"
"07","Liguria","62","Males","9667"
"07","Liguria","62","Females","10568"
"07","Liguria","63","Total","20226"
"07","Liguria","63","Males","9715"
"07","Liguria","63","Females","10511"
"07","Liguria","64","Total","19559"
"07","Liguria","64","Males","9300"
"07","Liguria","64","Females","10259"
"07","Liguria","65","Total","18945"
"07","Liguria","65","Males","9008"
"07","Liguria","65","Females","9937"
"07","Liguria","66","Total","18897"
"07","Liguria","66","Males","8859"
"07","Liguria","66","Females","10038"
"07","Liguria","67","Total","20188"
"07","Liguria","67","Males","9612"
"07","Liguria","67","Females","10576"
"07","Liguria","68","Total","20420"
"07","Liguria","68","Males","9480"
"07","Liguria","68","Females","10940"
"07","Liguria","69","Total","21576"
"07","Liguria","69","Males","10106"
"07","Liguria","69","Females","11470"
"07","Liguria","70","Total","22117"
"07","Liguria","70","Males","10228"
"07","Liguria","70","Females","11889"
"07","Liguria","71","Total","22203"
"07","Liguria","71","Males","10143"
"07","Liguria","71","Females","12060"
"07","Liguria","72","Total","16049"
"07","Liguria","72","Males","7359"
"07","Liguria","72","Females","8690"
"07","Liguria","73","Total","18042"
"07","Liguria","73","Males","8202"
"07","Liguria","73","Females","9840"
"07","Liguria","74","Total","17474"
"07","Liguria","74","Males","7903"
"07","Liguria","74","Females","9571"
"07","Liguria","75","Total","17921"
"07","Liguria","75","Males","7897"
"07","Liguria","75","Females","10024"
"07","Liguria","76","Total","18313"
"07","Liguria","76","Males","8068"
"07","Liguria","76","Females","10245"
"07","Liguria","77","Total","19522"
"07","Liguria","77","Males","8545"
"07","Liguria","77","Females","10977"
"07","Liguria","78","Total","18982"
"07","Liguria","78","Males","8186"
"07","Liguria","78","Females","10796"
"07","Liguria","79","Total","18327"
"07","Liguria","79","Males","7798"
"07","Liguria","79","Females","10529"
"07","Liguria","80","Total","16639"
"07","Liguria","80","Males","6954"
"07","Liguria","80","Females","9685"
"07","Liguria","81","Total","15071"
"07","Liguria","81","Males","6157"
"07","Liguria","81","Females","8914"
"07","Liguria","82","Total","14527"
"07","Liguria","82","Males","5818"
"07","Liguria","82","Females","8709"
"07","Liguria","83","Total","13305"
"07","Liguria","83","Males","5247"
"07","Liguria","83","Females","8058"
"07","Liguria","84","Total","12619"
"07","Liguria","84","Males","4869"
"07","Liguria","84","Females","7750"
"07","Liguria","85","Total","11800"
"07","Liguria","85","Males","4285"
"07","Liguria","85","Females","7515"
"07","Liguria","86","Total","10964"
"07","Liguria","86","Males","3905"
"07","Liguria","86","Females","7059"
"07","Liguria","87","Total","10435"
"07","Liguria","87","Males","3595"
"07","Liguria","87","Females","6840"
"07","Liguria","88","Total","8897"
"07","Liguria","88","Males","2950"
"07","Liguria","88","Females","5947"
"07","Liguria","89","Total","7505"
"07","Liguria","89","Males","2421"
"07","Liguria","89","Females","5084"
"07","Liguria","90","Total","6317"
"07","Liguria","90","Males","1933"
"07","Liguria","90","Females","4384"
"07","Liguria","91","Total","5255"
"07","Liguria","91","Males","1452"
"07","Liguria","91","Females","3803"
"07","Liguria","92","Total","4285"
"07","Liguria","92","Males","1141"
"07","Liguria","92","Females","3144"
"07","Liguria","93","Total","3471"
"07","Liguria","93","Males","885"
"07","Liguria","93","Females","2586"
"07","Liguria","94","Total","2736"
"07","Liguria","94","Males","619"
"07","Liguria","94","Females","2117"
"07","Liguria","95","Total","2100"
"07","Liguria","95","Males","467"
"07","Liguria","95","Females","1633"
"07","Liguria","96","Total","1522"
"07","Liguria","96","Males","329"
"07","Liguria","96","Females","1193"
"07","Liguria","97","Total","1128"
"07","Liguria","97","Males","221"
"07","Liguria","97","Females","907"
"07","Liguria","98","Total","499"
"07","Liguria","98","Males","81"
"07","Liguria","98","Females","418"
"07","Liguria","99","Total","322"
"07","Liguria","99","Males","44"
"07","Liguria","99","Females","278"
"07","Liguria","100 and over","Total","700"
"07","Liguria","100 and over","Males","89"
"07","Liguria","100 and over","Females","611"
"08","Emilia-Romagna","0","Total","33003"
"08","Emilia-Romagna","0","Males","17090"
"08","Emilia-Romagna","0","Females","15913"
"08","Emilia-Romagna","1","Total","34790"
"08","Emilia-Romagna","1","Males","17831"
"08","Emilia-Romagna","1","Females","16959"
"08","Emilia-Romagna","2","Total","36092"
"08","Emilia-Romagna","2","Males","18541"
"08","Emilia-Romagna","2","Females","17551"
"08","Emilia-Romagna","3","Total","37169"
"08","Emilia-Romagna","3","Males","19071"
"08","Emilia-Romagna","3","Females","18098"
"08","Emilia-Romagna","4","Total","38105"
"08","Emilia-Romagna","4","Males","19470"
"08","Emilia-Romagna","4","Females","18635"
"08","Emilia-Romagna","5","Total","39428"
"08","Emilia-Romagna","5","Males","20415"
"08","Emilia-Romagna","5","Females","19013"
"08","Emilia-Romagna","6","Total","40199"
"08","Emilia-Romagna","6","Males","20621"
"08","Emilia-Romagna","6","Females","19578"
"08","Emilia-Romagna","7","Total","41462"
"08","Emilia-Romagna","7","Males","21436"
"08","Emilia-Romagna","7","Females","20026"
"08","Emilia-Romagna","8","Total","42247"
"08","Emilia-Romagna","8","Males","21703"
"08","Emilia-Romagna","8","Females","20544"
"08","Emilia-Romagna","9","Total","41900"
"08","Emilia-Romagna","9","Males","21599"
"08","Emilia-Romagna","9","Females","20301"
"08","Emilia-Romagna","10","Total","41667"
"08","Emilia-Romagna","10","Males","21574"
"08","Emilia-Romagna","10","Females","20093"
"08","Emilia-Romagna","11","Total","41315"
"08","Emilia-Romagna","11","Males","21336"
"08","Emilia-Romagna","11","Females","19979"
"08","Emilia-Romagna","12","Total","40562"
"08","Emilia-Romagna","12","Males","20877"
"08","Emilia-Romagna","12","Females","19685"
"08","Emilia-Romagna","13","Total","40094"
"08","Emilia-Romagna","13","Males","20626"
"08","Emilia-Romagna","13","Females","19468"
"08","Emilia-Romagna","14","Total","39119"
"08","Emilia-Romagna","14","Males","20248"
"08","Emilia-Romagna","14","Females","18871"
"08","Emilia-Romagna","15","Total","39284"
"08","Emilia-Romagna","15","Males","20311"
"08","Emilia-Romagna","15","Females","18973"
"08","Emilia-Romagna","16","Total","39091"
"08","Emilia-Romagna","16","Males","20204"
"08","Emilia-Romagna","16","Females","18887"
"08","Emilia-Romagna","17","Total","39732"
"08","Emilia-Romagna","17","Males","20820"
"08","Emilia-Romagna","17","Females","18912"
"08","Emilia-Romagna","18","Total","38833"
"08","Emilia-Romagna","18","Males","20299"
"08","Emilia-Romagna","18","Females","18534"
"08","Emilia-Romagna","19","Total","39179"
"08","Emilia-Romagna","19","Males","21103"
"08","Emilia-Romagna","19","Females","18076"
"08","Emilia-Romagna","20","Total","39198"
"08","Emilia-Romagna","20","Males","20710"
"08","Emilia-Romagna","20","Females","18488"
"08","Emilia-Romagna","21","Total","38899"
"08","Emilia-Romagna","21","Males","20343"
"08","Emilia-Romagna","21","Females","18556"
"08","Emilia-Romagna","22","Total","38513"
"08","Emilia-Romagna","22","Males","20261"
"08","Emilia-Romagna","22","Females","18252"
"08","Emilia-Romagna","23","Total","39111"
"08","Emilia-Romagna","23","Males","20346"
"08","Emilia-Romagna","23","Females","18765"
"08","Emilia-Romagna","24","Total","39524"
"08","Emilia-Romagna","24","Males","20512"
"08","Emilia-Romagna","24","Females","19012"
"08","Emilia-Romagna","25","Total","41432"
"08","Emilia-Romagna","25","Males","21303"
"08","Emilia-Romagna","25","Females","20129"
"08","Emilia-Romagna","26","Total","42137"
"08","Emilia-Romagna","26","Males","21663"
"08","Emilia-Romagna","26","Females","20474"
"08","Emilia-Romagna","27","Total","43558"
"08","Emilia-Romagna","27","Males","22149"
"08","Emilia-Romagna","27","Females","21409"
"08","Emilia-Romagna","28","Total","43571"
"08","Emilia-Romagna","28","Males","21956"
"08","Emilia-Romagna","28","Females","21615"
"08","Emilia-Romagna","29","Total","44610"
"08","Emilia-Romagna","29","Males","22564"
"08","Emilia-Romagna","29","Females","22046"
"08","Emilia-Romagna","30","Total","44746"
"08","Emilia-Romagna","30","Males","22382"
"08","Emilia-Romagna","30","Females","22364"
"08","Emilia-Romagna","31","Total","45577"
"08","Emilia-Romagna","31","Males","22591"
"08","Emilia-Romagna","31","Females","22986"
"08","Emilia-Romagna","32","Total","47684"
"08","Emilia-Romagna","32","Males","23774"
"08","Emilia-Romagna","32","Females","23910"
"08","Emilia-Romagna","33","Total","49118"
"08","Emilia-Romagna","33","Males","24479"
"08","Emilia-Romagna","33","Females","24639"
"08","Emilia-Romagna","34","Total","50313"
"08","Emilia-Romagna","34","Males","24962"
"08","Emilia-Romagna","34","Females","25351"
"08","Emilia-Romagna","35","Total","52094"
"08","Emilia-Romagna","35","Males","25929"
"08","Emilia-Romagna","35","Females","26165"
"08","Emilia-Romagna","36","Total","52748"
"08","Emilia-Romagna","36","Males","26344"
"08","Emilia-Romagna","36","Females","26404"
"08","Emilia-Romagna","37","Total","54942"
"08","Emilia-Romagna","37","Males","27546"
"08","Emilia-Romagna","37","Females","27396"
"08","Emilia-Romagna","38","Total","57216"
"08","Emilia-Romagna","38","Males","28373"
"08","Emilia-Romagna","38","Females","28843"
"08","Emilia-Romagna","39","Total","61073"
"08","Emilia-Romagna","39","Males","30447"
"08","Emilia-Romagna","39","Females","30626"
"08","Emilia-Romagna","40","Total","63733"
"08","Emilia-Romagna","40","Males","31754"
"08","Emilia-Romagna","40","Females","31979"
"08","Emilia-Romagna","41","Total","66961"
"08","Emilia-Romagna","41","Males","33413"
"08","Emilia-Romagna","41","Females","33548"
"08","Emilia-Romagna","42","Total","70572"
"08","Emilia-Romagna","42","Males","35185"
"08","Emilia-Romagna","42","Females","35387"
"08","Emilia-Romagna","43","Total","73658"
"08","Emilia-Romagna","43","Males","37019"
"08","Emilia-Romagna","43","Females","36639"
"08","Emilia-Romagna","44","Total","73800"
"08","Emilia-Romagna","44","Males","36883"
"08","Emilia-Romagna","44","Females","36917"
"08","Emilia-Romagna","45","Total","74027"
"08","Emilia-Romagna","45","Males","37142"
"08","Emilia-Romagna","45","Females","36885"
"08","Emilia-Romagna","46","Total","74557"
"08","Emilia-Romagna","46","Males","37317"
"08","Emilia-Romagna","46","Females","37240"
"08","Emilia-Romagna","47","Total","73514"
"08","Emilia-Romagna","47","Males","36580"
"08","Emilia-Romagna","47","Females","36934"
"08","Emilia-Romagna","48","Total","74401"
"08","Emilia-Romagna","48","Males","37045"
"08","Emilia-Romagna","48","Females","37356"
"08","Emilia-Romagna","49","Total","73993"
"08","Emilia-Romagna","49","Males","36987"
"08","Emilia-Romagna","49","Females","37006"
"08","Emilia-Romagna","50","Total","72854"
"08","Emilia-Romagna","50","Males","36402"
"08","Emilia-Romagna","50","Females","36452"
"08","Emilia-Romagna","51","Total","73554"
"08","Emilia-Romagna","51","Males","36738"
"08","Emilia-Romagna","51","Females","36816"
"08","Emilia-Romagna","52","Total","72550"
"08","Emilia-Romagna","52","Males","36057"
"08","Emilia-Romagna","52","Females","36493"
"08","Emilia-Romagna","53","Total","73913"
"08","Emilia-Romagna","53","Males","36638"
"08","Emilia-Romagna","53","Females","37275"
"08","Emilia-Romagna","54","Total","68982"
"08","Emilia-Romagna","54","Males","34041"
"08","Emilia-Romagna","54","Females","34941"
"08","Emilia-Romagna","55","Total","66707"
"08","Emilia-Romagna","55","Males","32616"
"08","Emilia-Romagna","55","Females","34091"
"08","Emilia-Romagna","56","Total","65245"
"08","Emilia-Romagna","56","Males","31816"
"08","Emilia-Romagna","56","Females","33429"
"08","Emilia-Romagna","57","Total","63191"
"08","Emilia-Romagna","57","Males","30657"
"08","Emilia-Romagna","57","Females","32534"
"08","Emilia-Romagna","58","Total","61750"
"08","Emilia-Romagna","58","Males","29930"
"08","Emilia-Romagna","58","Females","31820"
"08","Emilia-Romagna","59","Total","58710"
"08","Emilia-Romagna","59","Males","28403"
"08","Emilia-Romagna","59","Females","30307"
"08","Emilia-Romagna","60","Total","58415"
"08","Emilia-Romagna","60","Males","28138"
"08","Emilia-Romagna","60","Females","30277"
"08","Emilia-Romagna","61","Total","57426"
"08","Emilia-Romagna","61","Males","27646"
"08","Emilia-Romagna","61","Females","29780"
"08","Emilia-Romagna","62","Total","55024"
"08","Emilia-Romagna","62","Males","26413"
"08","Emilia-Romagna","62","Females","28611"
"08","Emilia-Romagna","63","Total","53514"
"08","Emilia-Romagna","63","Males","25355"
"08","Emilia-Romagna","63","Females","28159"
"08","Emilia-Romagna","64","Total","51125"
"08","Emilia-Romagna","64","Males","24276"
"08","Emilia-Romagna","64","Females","26849"
"08","Emilia-Romagna","65","Total","50300"
"08","Emilia-Romagna","65","Males","23597"
"08","Emilia-Romagna","65","Females","26703"
"08","Emilia-Romagna","66","Total","49728"
"08","Emilia-Romagna","66","Males","23517"
"08","Emilia-Romagna","66","Females","26211"
"08","Emilia-Romagna","67","Total","51903"
"08","Emilia-Romagna","67","Males","24339"
"08","Emilia-Romagna","67","Females","27564"
"08","Emilia-Romagna","68","Total","52441"
"08","Emilia-Romagna","68","Males","24726"
"08","Emilia-Romagna","68","Females","27715"
"08","Emilia-Romagna","69","Total","55265"
"08","Emilia-Romagna","69","Males","26013"
"08","Emilia-Romagna","69","Females","29252"
"08","Emilia-Romagna","70","Total","54799"
"08","Emilia-Romagna","70","Males","26073"
"08","Emilia-Romagna","70","Females","28726"
"08","Emilia-Romagna","71","Total","55367"
"08","Emilia-Romagna","71","Males","26007"
"08","Emilia-Romagna","71","Females","29360"
"08","Emilia-Romagna","72","Total","38937"
"08","Emilia-Romagna","72","Males","18025"
"08","Emilia-Romagna","72","Females","20912"
"08","Emilia-Romagna","73","Total","43258"
"08","Emilia-Romagna","73","Males","20126"
"08","Emilia-Romagna","73","Females","23132"
"08","Emilia-Romagna","74","Total","42739"
"08","Emilia-Romagna","74","Males","19798"
"08","Emilia-Romagna","74","Females","22941"
"08","Emilia-Romagna","75","Total","41695"
"08","Emilia-Romagna","75","Males","19130"
"08","Emilia-Romagna","75","Females","22565"
"08","Emilia-Romagna","76","Total","42343"
"08","Emilia-Romagna","76","Males","19315"
"08","Emilia-Romagna","76","Females","23028"
"08","Emilia-Romagna","77","Total","45693"
"08","Emilia-Romagna","77","Males","20303"
"08","Emilia-Romagna","77","Females","25390"
"08","Emilia-Romagna","78","Total","44401"
"08","Emilia-Romagna","78","Males","19638"
"08","Emilia-Romagna","78","Females","24763"
"08","Emilia-Romagna","79","Total","43544"
"08","Emilia-Romagna","79","Males","19081"
"08","Emilia-Romagna","79","Females","24463"
"08","Emilia-Romagna","80","Total","38686"
"08","Emilia-Romagna","80","Males","16926"
"08","Emilia-Romagna","80","Females","21760"
"08","Emilia-Romagna","81","Total","34597"
"08","Emilia-Romagna","81","Males","14632"
"08","Emilia-Romagna","81","Females","19965"
"08","Emilia-Romagna","82","Total","35270"
"08","Emilia-Romagna","82","Males","14859"
"08","Emilia-Romagna","82","Females","20411"
"08","Emilia-Romagna","83","Total","33202"
"08","Emilia-Romagna","83","Males","13573"
"08","Emilia-Romagna","83","Females","19629"
"08","Emilia-Romagna","84","Total","29603"
"08","Emilia-Romagna","84","Males","11951"
"08","Emilia-Romagna","84","Females","17652"
"08","Emilia-Romagna","85","Total","26532"
"08","Emilia-Romagna","85","Males","10320"
"08","Emilia-Romagna","85","Females","16212"
"08","Emilia-Romagna","86","Total","25062"
"08","Emilia-Romagna","86","Males","9444"
"08","Emilia-Romagna","86","Females","15618"
"08","Emilia-Romagna","87","Total","23644"
"08","Emilia-Romagna","87","Males","8489"
"08","Emilia-Romagna","87","Females","15155"
"08","Emilia-Romagna","88","Total","19757"
"08","Emilia-Romagna","88","Males","6916"
"08","Emilia-Romagna","88","Females","12841"
"08","Emilia-Romagna","89","Total","17481"
"08","Emilia-Romagna","89","Males","5790"
"08","Emilia-Romagna","89","Females","11691"
"08","Emilia-Romagna","90","Total","15079"
"08","Emilia-Romagna","90","Males","4698"
"08","Emilia-Romagna","90","Females","10381"
"08","Emilia-Romagna","91","Total","12360"
"08","Emilia-Romagna","91","Males","3618"
"08","Emilia-Romagna","91","Females","8742"
"08","Emilia-Romagna","92","Total","10649"
"08","Emilia-Romagna","92","Males","2877"
"08","Emilia-Romagna","92","Females","7772"
"08","Emilia-Romagna","93","Total","8473"
"08","Emilia-Romagna","93","Males","2249"
"08","Emilia-Romagna","93","Females","6224"
"08","Emilia-Romagna","94","Total","6842"
"08","Emilia-Romagna","94","Males","1689"
"08","Emilia-Romagna","94","Females","5153"
"08","Emilia-Romagna","95","Total","4998"
"08","Emilia-Romagna","95","Males","1174"
"08","Emilia-Romagna","95","Females","3824"
"08","Emilia-Romagna","96","Total","3825"
"08","Emilia-Romagna","96","Males","862"
"08","Emilia-Romagna","96","Females","2963"
"08","Emilia-Romagna","97","Total","2648"
"08","Emilia-Romagna","97","Males","573"
"08","Emilia-Romagna","97","Females","2075"
"08","Emilia-Romagna","98","Total","1270"
"08","Emilia-Romagna","98","Males","269"
"08","Emilia-Romagna","98","Females","1001"
"08","Emilia-Romagna","99","Total","652"
"08","Emilia-Romagna","99","Males","122"
"08","Emilia-Romagna","99","Females","530"
"08","Emilia-Romagna","100 and over","Total","1366"
"08","Emilia-Romagna","100 and over","Males","200"
"08","Emilia-Romagna","100 and over","Females","1166"
"09","Toscana","0","Total","25942"
"09","Toscana","0","Males","13403"
"09","Toscana","0","Females","12539"
"09","Toscana","1","Total","26943"
"09","Toscana","1","Males","13794"
"09","Toscana","1","Females","13149"
"09","Toscana","2","Total","27418"
"09","Toscana","2","Males","14259"
"09","Toscana","2","Females","13159"
"09","Toscana","3","Total","29013"
"09","Toscana","3","Males","14891"
"09","Toscana","3","Females","14122"
"09","Toscana","4","Total","29344"
"09","Toscana","4","Males","15164"
"09","Toscana","4","Females","14180"
"09","Toscana","5","Total","31176"
"09","Toscana","5","Males","15906"
"09","Toscana","5","Females","15270"
"09","Toscana","6","Total","31516"
"09","Toscana","6","Males","16152"
"09","Toscana","6","Females","15364"
"09","Toscana","7","Total","32577"
"09","Toscana","7","Males","16742"
"09","Toscana","7","Females","15835"
"09","Toscana","8","Total","32654"
"09","Toscana","8","Males","16814"
"09","Toscana","8","Females","15840"
"09","Toscana","9","Total","33674"
"09","Toscana","9","Males","17496"
"09","Toscana","9","Females","16178"
"09","Toscana","10","Total","33396"
"09","Toscana","10","Males","17318"
"09","Toscana","10","Females","16078"
"09","Toscana","11","Total","33082"
"09","Toscana","11","Males","17037"
"09","Toscana","11","Females","16045"
"09","Toscana","12","Total","32912"
"09","Toscana","12","Males","17034"
"09","Toscana","12","Females","15878"
"09","Toscana","13","Total","32890"
"09","Toscana","13","Males","17023"
"09","Toscana","13","Females","15867"
"09","Toscana","14","Total","32079"
"09","Toscana","14","Males","16595"
"09","Toscana","14","Females","15484"
"09","Toscana","15","Total","32312"
"09","Toscana","15","Males","16702"
"09","Toscana","15","Females","15610"
"09","Toscana","16","Total","32122"
"09","Toscana","16","Males","16524"
"09","Toscana","16","Females","15598"
"09","Toscana","17","Total","32522"
"09","Toscana","17","Males","16871"
"09","Toscana","17","Females","15651"
"09","Toscana","18","Total","31829"
"09","Toscana","18","Males","16823"
"09","Toscana","18","Females","15006"
"09","Toscana","19","Total","32798"
"09","Toscana","19","Males","17566"
"09","Toscana","19","Females","15232"
"09","Toscana","20","Total","32603"
"09","Toscana","20","Males","17282"
"09","Toscana","20","Females","15321"
"09","Toscana","21","Total","32397"
"09","Toscana","21","Males","17100"
"09","Toscana","21","Females","15297"
"09","Toscana","22","Total","32056"
"09","Toscana","22","Males","16868"
"09","Toscana","22","Females","15188"
"09","Toscana","23","Total","32347"
"09","Toscana","23","Males","16763"
"09","Toscana","23","Females","15584"
"09","Toscana","24","Total","32915"
"09","Toscana","24","Males","17138"
"09","Toscana","24","Females","15777"
"09","Toscana","25","Total","34668"
"09","Toscana","25","Males","17790"
"09","Toscana","25","Females","16878"
"09","Toscana","26","Total","34779"
"09","Toscana","26","Males","17852"
"09","Toscana","26","Females","16927"
"09","Toscana","27","Total","36323"
"09","Toscana","27","Males","18658"
"09","Toscana","27","Females","17665"
"09","Toscana","28","Total","36173"
"09","Toscana","28","Males","18377"
"09","Toscana","28","Females","17796"
"09","Toscana","29","Total","37704"
"09","Toscana","29","Males","19069"
"09","Toscana","29","Females","18635"
"09","Toscana","30","Total","36955"
"09","Toscana","30","Males","18554"
"09","Toscana","30","Females","18401"
"09","Toscana","31","Total","37170"
"09","Toscana","31","Males","18332"
"09","Toscana","31","Females","18838"
"09","Toscana","32","Total","39003"
"09","Toscana","32","Males","19319"
"09","Toscana","32","Females","19684"
"09","Toscana","33","Total","39603"
"09","Toscana","33","Males","19720"
"09","Toscana","33","Females","19883"
"09","Toscana","34","Total","40860"
"09","Toscana","34","Males","20213"
"09","Toscana","34","Females","20647"
"09","Toscana","35","Total","42101"
"09","Toscana","35","Males","21031"
"09","Toscana","35","Females","21070"
"09","Toscana","36","Total","42798"
"09","Toscana","36","Males","21235"
"09","Toscana","36","Females","21563"
"09","Toscana","37","Total","44135"
"09","Toscana","37","Males","22076"
"09","Toscana","37","Females","22059"
"09","Toscana","38","Total","46273"
"09","Toscana","38","Males","22991"
"09","Toscana","38","Females","23282"
"09","Toscana","39","Total","49258"
"09","Toscana","39","Males","24389"
"09","Toscana","39","Females","24869"
"09","Toscana","40","Total","51114"
"09","Toscana","40","Males","25301"
"09","Toscana","40","Females","25813"
"09","Toscana","41","Total","53688"
"09","Toscana","41","Males","26437"
"09","Toscana","41","Females","27251"
"09","Toscana","42","Total","56450"
"09","Toscana","42","Males","27746"
"09","Toscana","42","Females","28704"
"09","Toscana","43","Total","59148"
"09","Toscana","43","Males","29117"
"09","Toscana","43","Females","30031"
"09","Toscana","44","Total","59580"
"09","Toscana","44","Males","29283"
"09","Toscana","44","Females","30297"
"09","Toscana","45","Total","60102"
"09","Toscana","45","Males","29766"
"09","Toscana","45","Females","30336"
"09","Toscana","46","Total","60623"
"09","Toscana","46","Males","29875"
"09","Toscana","46","Females","30748"
"09","Toscana","47","Total","59529"
"09","Toscana","47","Males","29676"
"09","Toscana","47","Females","29853"
"09","Toscana","48","Total","61186"
"09","Toscana","48","Males","30217"
"09","Toscana","48","Females","30969"
"09","Toscana","49","Total","60334"
"09","Toscana","49","Males","29515"
"09","Toscana","49","Females","30819"
"09","Toscana","50","Total","60753"
"09","Toscana","50","Males","29662"
"09","Toscana","50","Females","31091"
"09","Toscana","51","Total","61511"
"09","Toscana","51","Males","30325"
"09","Toscana","51","Females","31186"
"09","Toscana","52","Total","61454"
"09","Toscana","52","Males","30223"
"09","Toscana","52","Females","31231"
"09","Toscana","53","Total","62077"
"09","Toscana","53","Males","30349"
"09","Toscana","53","Females","31728"
"09","Toscana","54","Total","58056"
"09","Toscana","54","Males","28355"
"09","Toscana","54","Females","29701"
"09","Toscana","55","Total","55964"
"09","Toscana","55","Males","27264"
"09","Toscana","55","Females","28700"
"09","Toscana","56","Total","54766"
"09","Toscana","56","Males","26424"
"09","Toscana","56","Females","28342"
"09","Toscana","57","Total","53104"
"09","Toscana","57","Males","25860"
"09","Toscana","57","Females","27244"
"09","Toscana","58","Total","51779"
"09","Toscana","58","Males","25241"
"09","Toscana","58","Females","26538"
"09","Toscana","59","Total","49863"
"09","Toscana","59","Males","23785"
"09","Toscana","59","Females","26078"
"09","Toscana","60","Total","48825"
"09","Toscana","60","Males","23355"
"09","Toscana","60","Females","25470"
"09","Toscana","61","Total","48018"
"09","Toscana","61","Males","22970"
"09","Toscana","61","Females","25048"
"09","Toscana","62","Total","47076"
"09","Toscana","62","Males","22357"
"09","Toscana","62","Females","24719"
"09","Toscana","63","Total","46583"
"09","Toscana","63","Males","22015"
"09","Toscana","63","Females","24568"
"09","Toscana","64","Total","44204"
"09","Toscana","64","Males","21132"
"09","Toscana","64","Females","23072"
"09","Toscana","65","Total","43840"
"09","Toscana","65","Males","20831"
"09","Toscana","65","Females","23009"
"09","Toscana","66","Total","43579"
"09","Toscana","66","Males","20855"
"09","Toscana","66","Females","22724"
"09","Toscana","67","Total","44881"
"09","Toscana","67","Males","21385"
"09","Toscana","67","Females","23496"
"09","Toscana","68","Total","46830"
"09","Toscana","68","Males","22110"
"09","Toscana","68","Females","24720"
"09","Toscana","69","Total","49797"
"09","Toscana","69","Males","23518"
"09","Toscana","69","Females","26279"
"09","Toscana","70","Total","49577"
"09","Toscana","70","Males","23211"
"09","Toscana","70","Females","26366"
"09","Toscana","71","Total","49704"
"09","Toscana","71","Males","23265"
"09","Toscana","71","Females","26439"
"09","Toscana","72","Total","38452"
"09","Toscana","72","Males","17819"
"09","Toscana","72","Females","20633"
"09","Toscana","73","Total","38130"
"09","Toscana","73","Males","17641"
"09","Toscana","73","Females","20489"
"09","Toscana","74","Total","38076"
"09","Toscana","74","Males","17439"
"09","Toscana","74","Females","20637"
"09","Toscana","75","Total","36220"
"09","Toscana","75","Males","16476"
"09","Toscana","75","Females","19744"
"09","Toscana","76","Total","37119"
"09","Toscana","76","Males","16598"
"09","Toscana","76","Females","20521"
"09","Toscana","77","Total","41018"
"09","Toscana","77","Males","18080"
"09","Toscana","77","Females","22938"
"09","Toscana","78","Total","39178"
"09","Toscana","78","Males","17341"
"09","Toscana","78","Females","21837"
"09","Toscana","79","Total","38821"
"09","Toscana","79","Males","17058"
"09","Toscana","79","Females","21763"
"09","Toscana","80","Total","34353"
"09","Toscana","80","Males","14705"
"09","Toscana","80","Females","19648"
"09","Toscana","81","Total","30676"
"09","Toscana","81","Males","12992"
"09","Toscana","81","Females","17684"
"09","Toscana","82","Total","30512"
"09","Toscana","82","Males","12703"
"09","Toscana","82","Females","17809"
"09","Toscana","83","Total","27466"
"09","Toscana","83","Males","11224"
"09","Toscana","83","Females","16242"
"09","Toscana","84","Total","25523"
"09","Toscana","84","Males","10163"
"09","Toscana","84","Females","15360"
"09","Toscana","85","Total","23150"
"09","Toscana","85","Males","8886"
"09","Toscana","85","Females","14264"
"09","Toscana","86","Total","22057"
"09","Toscana","86","Males","8241"
"09","Toscana","86","Females","13816"
"09","Toscana","87","Total","20722"
"09","Toscana","87","Males","7381"
"09","Toscana","87","Females","13341"
"09","Toscana","88","Total","17252"
"09","Toscana","88","Males","5873"
"09","Toscana","88","Females","11379"
"09","Toscana","89","Total","15286"
"09","Toscana","89","Males","4903"
"09","Toscana","89","Females","10383"
"09","Toscana","90","Total","13128"
"09","Toscana","90","Males","4119"
"09","Toscana","90","Females","9009"
"09","Toscana","91","Total","10754"
"09","Toscana","91","Males","3220"
"09","Toscana","91","Females","7534"
"09","Toscana","92","Total","8811"
"09","Toscana","92","Males","2417"
"09","Toscana","92","Females","6394"
"09","Toscana","93","Total","7169"
"09","Toscana","93","Males","1901"
"09","Toscana","93","Females","5268"
"09","Toscana","94","Total","5618"
"09","Toscana","94","Males","1393"
"09","Toscana","94","Females","4225"
"09","Toscana","95","Total","4172"
"09","Toscana","95","Males","956"
"09","Toscana","95","Females","3216"
"09","Toscana","96","Total","3166"
"09","Toscana","96","Males","724"
"09","Toscana","96","Females","2442"
"09","Toscana","97","Total","2292"
"09","Toscana","97","Males","452"
"09","Toscana","97","Females","1840"
"09","Toscana","98","Total","1042"
"09","Toscana","98","Males","204"
"09","Toscana","98","Females","838"
"09","Toscana","99","Total","474"
"09","Toscana","99","Males","103"
"09","Toscana","99","Females","371"
"09","Toscana","100 and over","Total","1096"
"09","Toscana","100 and over","Males","168"
"09","Toscana","100 and over","Females","928"
"10","Umbria","0","Total","6027"
"10","Umbria","0","Males","3075"
"10","Umbria","0","Females","2952"
"10","Umbria","1","Total","6335"
"10","Umbria","1","Males","3259"
"10","Umbria","1","Females","3076"
"10","Umbria","2","Total","6429"
"10","Umbria","2","Males","3293"
"10","Umbria","2","Females","3136"
"10","Umbria","3","Total","6851"
"10","Umbria","3","Males","3493"
"10","Umbria","3","Females","3358"
"10","Umbria","4","Total","7157"
"10","Umbria","4","Males","3691"
"10","Umbria","4","Females","3466"
"10","Umbria","5","Total","7471"
"10","Umbria","5","Males","3752"
"10","Umbria","5","Females","3719"
"10","Umbria","6","Total","7536"
"10","Umbria","6","Males","3845"
"10","Umbria","6","Females","3691"
"10","Umbria","7","Total","7730"
"10","Umbria","7","Males","3986"
"10","Umbria","7","Females","3744"
"10","Umbria","8","Total","7707"
"10","Umbria","8","Males","3985"
"10","Umbria","8","Females","3722"
"10","Umbria","9","Total","8153"
"10","Umbria","9","Males","4140"
"10","Umbria","9","Females","4013"
"10","Umbria","10","Total","8105"
"10","Umbria","10","Males","4192"
"10","Umbria","10","Females","3913"
"10","Umbria","11","Total","7948"
"10","Umbria","11","Males","4115"
"10","Umbria","11","Females","3833"
"10","Umbria","12","Total","7952"
"10","Umbria","12","Males","4110"
"10","Umbria","12","Females","3842"
"10","Umbria","13","Total","7721"
"10","Umbria","13","Males","3937"
"10","Umbria","13","Females","3784"
"10","Umbria","14","Total","7627"
"10","Umbria","14","Males","3999"
"10","Umbria","14","Females","3628"
"10","Umbria","15","Total","7621"
"10","Umbria","15","Males","3870"
"10","Umbria","15","Females","3751"
"10","Umbria","16","Total","7528"
"10","Umbria","16","Males","3874"
"10","Umbria","16","Females","3654"
"10","Umbria","17","Total","7722"
"10","Umbria","17","Males","3926"
"10","Umbria","17","Females","3796"
"10","Umbria","18","Total","7657"
"10","Umbria","18","Males","4108"
"10","Umbria","18","Females","3549"
"10","Umbria","19","Total","7756"
"10","Umbria","19","Males","4153"
"10","Umbria","19","Females","3603"
"10","Umbria","20","Total","7760"
"10","Umbria","20","Males","4104"
"10","Umbria","20","Females","3656"
"10","Umbria","21","Total","7789"
"10","Umbria","21","Males","4107"
"10","Umbria","21","Females","3682"
"10","Umbria","22","Total","7860"
"10","Umbria","22","Males","4090"
"10","Umbria","22","Females","3770"
"10","Umbria","23","Total","7881"
"10","Umbria","23","Males","4093"
"10","Umbria","23","Females","3788"
"10","Umbria","24","Total","8088"
"10","Umbria","24","Males","4172"
"10","Umbria","24","Females","3916"
"10","Umbria","25","Total","8554"
"10","Umbria","25","Males","4431"
"10","Umbria","25","Females","4123"
"10","Umbria","26","Total","8411"
"10","Umbria","26","Males","4336"
"10","Umbria","26","Females","4075"
"10","Umbria","27","Total","8686"
"10","Umbria","27","Males","4450"
"10","Umbria","27","Females","4236"
"10","Umbria","28","Total","8867"
"10","Umbria","28","Males","4526"
"10","Umbria","28","Females","4341"
"10","Umbria","29","Total","9260"
"10","Umbria","29","Males","4669"
"10","Umbria","29","Females","4591"
"10","Umbria","30","Total","8978"
"10","Umbria","30","Males","4520"
"10","Umbria","30","Females","4458"
"10","Umbria","31","Total","9202"
"10","Umbria","31","Males","4552"
"10","Umbria","31","Females","4650"
"10","Umbria","32","Total","9467"
"10","Umbria","32","Males","4660"
"10","Umbria","32","Females","4807"
"10","Umbria","33","Total","9556"
"10","Umbria","33","Males","4708"
"10","Umbria","33","Females","4848"
"10","Umbria","34","Total","10280"
"10","Umbria","34","Males","5122"
"10","Umbria","34","Females","5158"
"10","Umbria","35","Total","10181"
"10","Umbria","35","Males","5115"
"10","Umbria","35","Females","5066"
"10","Umbria","36","Total","10506"
"10","Umbria","36","Males","5248"
"10","Umbria","36","Females","5258"
"10","Umbria","37","Total","10537"
"10","Umbria","37","Males","5258"
"10","Umbria","37","Females","5279"
"10","Umbria","38","Total","10989"
"10","Umbria","38","Males","5464"
"10","Umbria","38","Females","5525"
"10","Umbria","39","Total","11513"
"10","Umbria","39","Males","5620"
"10","Umbria","39","Females","5893"
"10","Umbria","40","Total","12029"
"10","Umbria","40","Males","5966"
"10","Umbria","40","Females","6063"
"10","Umbria","41","Total","12494"
"10","Umbria","41","Males","6204"
"10","Umbria","41","Females","6290"
"10","Umbria","42","Total","13086"
"10","Umbria","42","Males","6374"
"10","Umbria","42","Females","6712"
"10","Umbria","43","Total","13650"
"10","Umbria","43","Males","6654"
"10","Umbria","43","Females","6996"
"10","Umbria","44","Total","13561"
"10","Umbria","44","Males","6678"
"10","Umbria","44","Females","6883"
"10","Umbria","45","Total","13462"
"10","Umbria","45","Males","6556"
"10","Umbria","45","Females","6906"
"10","Umbria","46","Total","13646"
"10","Umbria","46","Males","6634"
"10","Umbria","46","Females","7012"
"10","Umbria","47","Total","13473"
"10","Umbria","47","Males","6672"
"10","Umbria","47","Females","6801"
"10","Umbria","48","Total","13867"
"10","Umbria","48","Males","6739"
"10","Umbria","48","Females","7128"
"10","Umbria","49","Total","13836"
"10","Umbria","49","Males","6657"
"10","Umbria","49","Females","7179"
"10","Umbria","50","Total","13695"
"10","Umbria","50","Males","6589"
"10","Umbria","50","Females","7106"
"10","Umbria","51","Total","13721"
"10","Umbria","51","Males","6694"
"10","Umbria","51","Females","7027"
"10","Umbria","52","Total","14221"
"10","Umbria","52","Males","6951"
"10","Umbria","52","Females","7270"
"10","Umbria","53","Total","14271"
"10","Umbria","53","Males","6978"
"10","Umbria","53","Females","7293"
"10","Umbria","54","Total","13400"
"10","Umbria","54","Males","6380"
"10","Umbria","54","Females","7020"
"10","Umbria","55","Total","12978"
"10","Umbria","55","Males","6248"
"10","Umbria","55","Females","6730"
"10","Umbria","56","Total","12950"
"10","Umbria","56","Males","6308"
"10","Umbria","56","Females","6642"
"10","Umbria","57","Total","12813"
"10","Umbria","57","Males","6170"
"10","Umbria","57","Females","6643"
"10","Umbria","58","Total","12239"
"10","Umbria","58","Males","5871"
"10","Umbria","58","Females","6368"
"10","Umbria","59","Total","11552"
"10","Umbria","59","Males","5550"
"10","Umbria","59","Females","6002"
"10","Umbria","60","Total","11347"
"10","Umbria","60","Males","5423"
"10","Umbria","60","Females","5924"
"10","Umbria","61","Total","11500"
"10","Umbria","61","Males","5522"
"10","Umbria","61","Females","5978"
"10","Umbria","62","Total","11273"
"10","Umbria","62","Males","5408"
"10","Umbria","62","Females","5865"
"10","Umbria","63","Total","10979"
"10","Umbria","63","Males","5195"
"10","Umbria","63","Females","5784"
"10","Umbria","64","Total","10821"
"10","Umbria","64","Males","5200"
"10","Umbria","64","Females","5621"
"10","Umbria","65","Total","10218"
"10","Umbria","65","Males","4840"
"10","Umbria","65","Females","5378"
"10","Umbria","66","Total","10681"
"10","Umbria","66","Males","5080"
"10","Umbria","66","Females","5601"
"10","Umbria","67","Total","10784"
"10","Umbria","67","Males","5166"
"10","Umbria","67","Females","5618"
"10","Umbria","68","Total","11205"
"10","Umbria","68","Males","5363"
"10","Umbria","68","Females","5842"
"10","Umbria","69","Total","11952"
"10","Umbria","69","Males","5730"
"10","Umbria","69","Females","6222"
"10","Umbria","70","Total","11036"
"10","Umbria","70","Males","5277"
"10","Umbria","70","Females","5759"
"10","Umbria","71","Total","10576"
"10","Umbria","71","Males","4963"
"10","Umbria","71","Females","5613"
"10","Umbria","72","Total","8435"
"10","Umbria","72","Males","3926"
"10","Umbria","72","Females","4509"
"10","Umbria","73","Total","8917"
"10","Umbria","73","Males","4071"
"10","Umbria","73","Females","4846"
"10","Umbria","74","Total","9267"
"10","Umbria","74","Males","4314"
"10","Umbria","74","Females","4953"
"10","Umbria","75","Total","8536"
"10","Umbria","75","Males","3953"
"10","Umbria","75","Females","4583"
"10","Umbria","76","Total","8596"
"10","Umbria","76","Males","3938"
"10","Umbria","76","Females","4658"
"10","Umbria","77","Total","9452"
"10","Umbria","77","Males","4308"
"10","Umbria","77","Females","5144"
"10","Umbria","78","Total","9151"
"10","Umbria","78","Males","4031"
"10","Umbria","78","Females","5120"
"10","Umbria","79","Total","9193"
"10","Umbria","79","Males","4098"
"10","Umbria","79","Females","5095"
"10","Umbria","80","Total","8088"
"10","Umbria","80","Males","3405"
"10","Umbria","80","Females","4683"
"10","Umbria","81","Total","7274"
"10","Umbria","81","Males","3029"
"10","Umbria","81","Females","4245"
"10","Umbria","82","Total","7232"
"10","Umbria","82","Males","3016"
"10","Umbria","82","Females","4216"
"10","Umbria","83","Total","6869"
"10","Umbria","83","Males","2776"
"10","Umbria","83","Females","4093"
"10","Umbria","84","Total","6337"
"10","Umbria","84","Males","2515"
"10","Umbria","84","Females","3822"
"10","Umbria","85","Total","5543"
"10","Umbria","85","Males","2197"
"10","Umbria","85","Females","3346"
"10","Umbria","86","Total","5500"
"10","Umbria","86","Males","2047"
"10","Umbria","86","Females","3453"
"10","Umbria","87","Total","5152"
"10","Umbria","87","Males","1813"
"10","Umbria","87","Females","3339"
"10","Umbria","88","Total","4122"
"10","Umbria","88","Males","1358"
"10","Umbria","88","Females","2764"
"10","Umbria","89","Total","3607"
"10","Umbria","89","Males","1160"
"10","Umbria","89","Females","2447"
"10","Umbria","90","Total","3286"
"10","Umbria","90","Males","995"
"10","Umbria","90","Females","2291"
"10","Umbria","91","Total","2733"
"10","Umbria","91","Males","831"
"10","Umbria","91","Females","1902"
"10","Umbria","92","Total","2301"
"10","Umbria","92","Males","671"
"10","Umbria","92","Females","1630"
"10","Umbria","93","Total","1820"
"10","Umbria","93","Males","505"
"10","Umbria","93","Females","1315"
"10","Umbria","94","Total","1347"
"10","Umbria","94","Males","331"
"10","Umbria","94","Females","1016"
"10","Umbria","95","Total","1001"
"10","Umbria","95","Males","233"
"10","Umbria","95","Females","768"
"10","Umbria","96","Total","805"
"10","Umbria","96","Males","177"
"10","Umbria","96","Females","628"
"10","Umbria","97","Total","523"
"10","Umbria","97","Males","105"
"10","Umbria","97","Females","418"
"10","Umbria","98","Total","259"
"10","Umbria","98","Males","45"
"10","Umbria","98","Females","214"
"10","Umbria","99","Total","129"
"10","Umbria","99","Males","19"
"10","Umbria","99","Females","110"
"10","Umbria","100 and over","Total","288"
"10","Umbria","100 and over","Males","42"
"10","Umbria","100 and over","Females","246"
"11","Marche","0","Total","10624"
"11","Marche","0","Males","5456"
"11","Marche","0","Females","5168"
"11","Marche","1","Total","11386"
"11","Marche","1","Males","5877"
"11","Marche","1","Females","5509"
"11","Marche","2","Total","11840"
"11","Marche","2","Males","6015"
"11","Marche","2","Females","5825"
"11","Marche","3","Total","12235"
"11","Marche","3","Males","6284"
"11","Marche","3","Females","5951"
"11","Marche","4","Total","12523"
"11","Marche","4","Males","6527"
"11","Marche","4","Females","5996"
"11","Marche","5","Total","12880"
"11","Marche","5","Males","6640"
"11","Marche","5","Females","6240"
"11","Marche","6","Total","13513"
"11","Marche","6","Males","6871"
"11","Marche","6","Females","6642"
"11","Marche","7","Total","13701"
"11","Marche","7","Males","7090"
"11","Marche","7","Females","6611"
"11","Marche","8","Total","14071"
"11","Marche","8","Males","7241"
"11","Marche","8","Females","6830"
"11","Marche","9","Total","14111"
"11","Marche","9","Males","7277"
"11","Marche","9","Females","6834"
"11","Marche","10","Total","13909"
"11","Marche","10","Males","7163"
"11","Marche","10","Females","6746"
"11","Marche","11","Total","13747"
"11","Marche","11","Males","7066"
"11","Marche","11","Females","6681"
"11","Marche","12","Total","13685"
"11","Marche","12","Males","7017"
"11","Marche","12","Females","6668"
"11","Marche","13","Total","13678"
"11","Marche","13","Males","7108"
"11","Marche","13","Females","6570"
"11","Marche","14","Total","13558"
"11","Marche","14","Males","6946"
"11","Marche","14","Females","6612"
"11","Marche","15","Total","13638"
"11","Marche","15","Males","7085"
"11","Marche","15","Females","6553"
"11","Marche","16","Total","13520"
"11","Marche","16","Males","6945"
"11","Marche","16","Females","6575"
"11","Marche","17","Total","14035"
"11","Marche","17","Males","7381"
"11","Marche","17","Females","6654"
"11","Marche","18","Total","13998"
"11","Marche","18","Males","7269"
"11","Marche","18","Females","6729"
"11","Marche","19","Total","14375"
"11","Marche","19","Males","7673"
"11","Marche","19","Females","6702"
"11","Marche","20","Total","14183"
"11","Marche","20","Males","7442"
"11","Marche","20","Females","6741"
"11","Marche","21","Total","14113"
"11","Marche","21","Males","7452"
"11","Marche","21","Females","6661"
"11","Marche","22","Total","14260"
"11","Marche","22","Males","7485"
"11","Marche","22","Females","6775"
"11","Marche","23","Total","14157"
"11","Marche","23","Males","7368"
"11","Marche","23","Females","6789"
"11","Marche","24","Total","14595"
"11","Marche","24","Males","7508"
"11","Marche","24","Females","7087"
"11","Marche","25","Total","15212"
"11","Marche","25","Males","7822"
"11","Marche","25","Females","7390"
"11","Marche","26","Total","15280"
"11","Marche","26","Males","7941"
"11","Marche","26","Females","7339"
"11","Marche","27","Total","15588"
"11","Marche","27","Males","7937"
"11","Marche","27","Females","7651"
"11","Marche","28","Total","15439"
"11","Marche","28","Males","7832"
"11","Marche","28","Females","7607"
"11","Marche","29","Total","15741"
"11","Marche","29","Males","7894"
"11","Marche","29","Females","7847"
"11","Marche","30","Total","15390"
"11","Marche","30","Males","7805"
"11","Marche","30","Females","7585"
"11","Marche","31","Total","15934"
"11","Marche","31","Males","8093"
"11","Marche","31","Females","7841"
"11","Marche","32","Total","16324"
"11","Marche","32","Males","8112"
"11","Marche","32","Females","8212"
"11","Marche","33","Total","16477"
"11","Marche","33","Males","8264"
"11","Marche","33","Females","8213"
"11","Marche","34","Total","17016"
"11","Marche","34","Males","8456"
"11","Marche","34","Females","8560"
"11","Marche","35","Total","17781"
"11","Marche","35","Males","8893"
"11","Marche","35","Females","8888"
"11","Marche","36","Total","17922"
"11","Marche","36","Males","9013"
"11","Marche","36","Females","8909"
"11","Marche","37","Total","18632"
"11","Marche","37","Males","9360"
"11","Marche","37","Females","9272"
"11","Marche","38","Total","19488"
"11","Marche","38","Males","9683"
"11","Marche","38","Females","9805"
"11","Marche","39","Total","20761"
"11","Marche","39","Males","10421"
"11","Marche","39","Females","10340"
"11","Marche","40","Total","21342"
"11","Marche","40","Males","10564"
"11","Marche","40","Females","10778"
"11","Marche","41","Total","21938"
"11","Marche","41","Males","11029"
"11","Marche","41","Females","10909"
"11","Marche","42","Total","23090"
"11","Marche","42","Males","11446"
"11","Marche","42","Females","11644"
"11","Marche","43","Total","23616"
"11","Marche","43","Males","11875"
"11","Marche","43","Females","11741"
"11","Marche","44","Total","23283"
"11","Marche","44","Males","11540"
"11","Marche","44","Females","11743"
"11","Marche","45","Total","23594"
"11","Marche","45","Males","11772"
"11","Marche","45","Females","11822"
"11","Marche","46","Total","24332"
"11","Marche","46","Males","12019"
"11","Marche","46","Females","12313"
"11","Marche","47","Total","23638"
"11","Marche","47","Males","11776"
"11","Marche","47","Females","11862"
"11","Marche","48","Total","24489"
"11","Marche","48","Males","11963"
"11","Marche","48","Females","12526"
"11","Marche","49","Total","24222"
"11","Marche","49","Males","12006"
"11","Marche","49","Females","12216"
"11","Marche","50","Total","24237"
"11","Marche","50","Males","11884"
"11","Marche","50","Females","12353"
"11","Marche","51","Total","24423"
"11","Marche","51","Males","12052"
"11","Marche","51","Females","12371"
"11","Marche","52","Total","24252"
"11","Marche","52","Males","12067"
"11","Marche","52","Females","12185"
"11","Marche","53","Total","24922"
"11","Marche","53","Males","12359"
"11","Marche","53","Females","12563"
"11","Marche","54","Total","23647"
"11","Marche","54","Males","11596"
"11","Marche","54","Females","12051"
"11","Marche","55","Total","22510"
"11","Marche","55","Males","11249"
"11","Marche","55","Females","11261"
"11","Marche","56","Total","22759"
"11","Marche","56","Males","11238"
"11","Marche","56","Females","11521"
"11","Marche","57","Total","21890"
"11","Marche","57","Males","10675"
"11","Marche","57","Females","11215"
"11","Marche","58","Total","21325"
"11","Marche","58","Males","10255"
"11","Marche","58","Females","11070"
"11","Marche","59","Total","20738"
"11","Marche","59","Males","10034"
"11","Marche","59","Females","10704"
"11","Marche","60","Total","20263"
"11","Marche","60","Males","9762"
"11","Marche","60","Females","10501"
"11","Marche","61","Total","20367"
"11","Marche","61","Males","9708"
"11","Marche","61","Females","10659"
"11","Marche","62","Total","19616"
"11","Marche","62","Males","9353"
"11","Marche","62","Females","10263"
"11","Marche","63","Total","18888"
"11","Marche","63","Males","9106"
"11","Marche","63","Females","9782"
"11","Marche","64","Total","18384"
"11","Marche","64","Males","8802"
"11","Marche","64","Females","9582"
"11","Marche","65","Total","18237"
"11","Marche","65","Males","8847"
"11","Marche","65","Females","9390"
"11","Marche","66","Total","18571"
"11","Marche","66","Males","8892"
"11","Marche","66","Females","9679"
"11","Marche","67","Total","18857"
"11","Marche","67","Males","9105"
"11","Marche","67","Females","9752"
"11","Marche","68","Total","18156"
"11","Marche","68","Males","8674"
"11","Marche","68","Females","9482"
"11","Marche","69","Total","18710"
"11","Marche","69","Males","8911"
"11","Marche","69","Females","9799"
"11","Marche","70","Total","18042"
"11","Marche","70","Males","8655"
"11","Marche","70","Females","9387"
"11","Marche","71","Total","18063"
"11","Marche","71","Males","8484"
"11","Marche","71","Females","9579"
"11","Marche","72","Total","14864"
"11","Marche","72","Males","7060"
"11","Marche","72","Females","7804"
"11","Marche","73","Total","14345"
"11","Marche","73","Males","6657"
"11","Marche","73","Females","7688"
"11","Marche","74","Total","14979"
"11","Marche","74","Males","6988"
"11","Marche","74","Females","7991"
"11","Marche","75","Total","14116"
"11","Marche","75","Males","6466"
"11","Marche","75","Females","7650"
"11","Marche","76","Total","14030"
"11","Marche","76","Males","6292"
"11","Marche","76","Females","7738"
"11","Marche","77","Total","15798"
"11","Marche","77","Males","7034"
"11","Marche","77","Females","8764"
"11","Marche","78","Total","15956"
"11","Marche","78","Males","7128"
"11","Marche","78","Females","8828"
"11","Marche","79","Total","15817"
"11","Marche","79","Males","6935"
"11","Marche","79","Females","8882"
"11","Marche","80","Total","13932"
"11","Marche","80","Males","6095"
"11","Marche","80","Females","7837"
"11","Marche","81","Total","12587"
"11","Marche","81","Males","5249"
"11","Marche","81","Females","7338"
"11","Marche","82","Total","12787"
"11","Marche","82","Males","5282"
"11","Marche","82","Females","7505"
"11","Marche","83","Total","11709"
"11","Marche","83","Males","4821"
"11","Marche","83","Females","6888"
"11","Marche","84","Total","10747"
"11","Marche","84","Males","4250"
"11","Marche","84","Females","6497"
"11","Marche","85","Total","9381"
"11","Marche","85","Males","3616"
"11","Marche","85","Females","5765"
"11","Marche","86","Total","9293"
"11","Marche","86","Males","3479"
"11","Marche","86","Females","5814"
"11","Marche","87","Total","8572"
"11","Marche","87","Males","3117"
"11","Marche","87","Females","5455"
"11","Marche","88","Total","6981"
"11","Marche","88","Males","2483"
"11","Marche","88","Females","4498"
"11","Marche","89","Total","6318"
"11","Marche","89","Males","2112"
"11","Marche","89","Females","4206"
"11","Marche","90","Total","5585"
"11","Marche","90","Males","1741"
"11","Marche","90","Females","3844"
"11","Marche","91","Total","4661"
"11","Marche","91","Males","1344"
"11","Marche","91","Females","3317"
"11","Marche","92","Total","3939"
"11","Marche","92","Males","1111"
"11","Marche","92","Females","2828"
"11","Marche","93","Total","2904"
"11","Marche","93","Males","738"
"11","Marche","93","Females","2166"
"11","Marche","94","Total","2326"
"11","Marche","94","Males","617"
"11","Marche","94","Females","1709"
"11","Marche","95","Total","1702"
"11","Marche","95","Males","415"
"11","Marche","95","Females","1287"
"11","Marche","96","Total","1289"
"11","Marche","96","Males","293"
"11","Marche","96","Females","996"
"11","Marche","97","Total","947"
"11","Marche","97","Males","207"
"11","Marche","97","Females","740"
"11","Marche","98","Total","396"
"11","Marche","98","Males","88"
"11","Marche","98","Females","308"
"11","Marche","99","Total","219"
"11","Marche","99","Males","39"
"11","Marche","99","Females","180"
"11","Marche","100 and over","Total","430"
"11","Marche","100 and over","Males","62"
"11","Marche","100 and over","Females","368"
"12","Lazio","0","Total","44140"
"12","Lazio","0","Males","22749"
"12","Lazio","0","Females","21391"
"12","Lazio","1","Total","46953"
"12","Lazio","1","Males","24120"
"12","Lazio","1","Females","22833"
"12","Lazio","2","Total","47961"
"12","Lazio","2","Males","24418"
"12","Lazio","2","Females","23543"
"12","Lazio","3","Total","49796"
"12","Lazio","3","Males","25730"
"12","Lazio","3","Females","24066"
"12","Lazio","4","Total","50936"
"12","Lazio","4","Males","26182"
"12","Lazio","4","Females","24754"
"12","Lazio","5","Total","53440"
"12","Lazio","5","Males","27386"
"12","Lazio","5","Females","26054"
"12","Lazio","6","Total","53391"
"12","Lazio","6","Males","27467"
"12","Lazio","6","Females","25924"
"12","Lazio","7","Total","54508"
"12","Lazio","7","Males","28056"
"12","Lazio","7","Females","26452"
"12","Lazio","8","Total","54786"
"12","Lazio","8","Males","28323"
"12","Lazio","8","Females","26463"
"12","Lazio","9","Total","55129"
"12","Lazio","9","Males","28128"
"12","Lazio","9","Females","27001"
"12","Lazio","10","Total","55358"
"12","Lazio","10","Males","28621"
"12","Lazio","10","Females","26737"
"12","Lazio","11","Total","54887"
"12","Lazio","11","Males","28203"
"12","Lazio","11","Females","26684"
"12","Lazio","12","Total","53160"
"12","Lazio","12","Males","27371"
"12","Lazio","12","Females","25789"
"12","Lazio","13","Total","53442"
"12","Lazio","13","Males","27562"
"12","Lazio","13","Females","25880"
"12","Lazio","14","Total","52923"
"12","Lazio","14","Males","27148"
"12","Lazio","14","Females","25775"
"12","Lazio","15","Total","51980"
"12","Lazio","15","Males","26825"
"12","Lazio","15","Females","25155"
"12","Lazio","16","Total","52153"
"12","Lazio","16","Males","26887"
"12","Lazio","16","Females","25266"
"12","Lazio","17","Total","52892"
"12","Lazio","17","Males","27464"
"12","Lazio","17","Females","25428"
"12","Lazio","18","Total","52235"
"12","Lazio","18","Males","27195"
"12","Lazio","18","Females","25040"
"12","Lazio","19","Total","53457"
"12","Lazio","19","Males","28061"
"12","Lazio","19","Females","25396"
"12","Lazio","20","Total","53429"
"12","Lazio","20","Males","28045"
"12","Lazio","20","Females","25384"
"12","Lazio","21","Total","54022"
"12","Lazio","21","Males","28459"
"12","Lazio","21","Females","25563"
"12","Lazio","22","Total","54505"
"12","Lazio","22","Males","28788"
"12","Lazio","22","Females","25717"
"12","Lazio","23","Total","55283"
"12","Lazio","23","Males","28830"
"12","Lazio","23","Females","26453"
"12","Lazio","24","Total","56455"
"12","Lazio","24","Males","29096"
"12","Lazio","24","Females","27359"
"12","Lazio","25","Total","59105"
"12","Lazio","25","Males","30511"
"12","Lazio","25","Females","28594"
"12","Lazio","26","Total","58773"
"12","Lazio","26","Males","30142"
"12","Lazio","26","Females","28631"
"12","Lazio","27","Total","60813"
"12","Lazio","27","Males","31201"
"12","Lazio","27","Females","29612"
"12","Lazio","28","Total","60882"
"12","Lazio","28","Males","31046"
"12","Lazio","28","Females","29836"
"12","Lazio","29","Total","63043"
"12","Lazio","29","Males","31957"
"12","Lazio","29","Females","31086"
"12","Lazio","30","Total","62904"
"12","Lazio","30","Males","31610"
"12","Lazio","30","Females","31294"
"12","Lazio","31","Total","63172"
"12","Lazio","31","Males","31827"
"12","Lazio","31","Females","31345"
"12","Lazio","32","Total","66188"
"12","Lazio","32","Males","33185"
"12","Lazio","32","Females","33003"
"12","Lazio","33","Total","68399"
"12","Lazio","33","Males","34444"
"12","Lazio","33","Females","33955"
"12","Lazio","34","Total","70066"
"12","Lazio","34","Males","35394"
"12","Lazio","34","Females","34672"
"12","Lazio","35","Total","73007"
"12","Lazio","35","Males","36501"
"12","Lazio","35","Females","36506"
"12","Lazio","36","Total","73943"
"12","Lazio","36","Males","36575"
"12","Lazio","36","Females","37368"
"12","Lazio","37","Total","75571"
"12","Lazio","37","Males","37551"
"12","Lazio","37","Females","38020"
"12","Lazio","38","Total","78017"
"12","Lazio","38","Males","38664"
"12","Lazio","38","Females","39353"
"12","Lazio","39","Total","82416"
"12","Lazio","39","Males","40655"
"12","Lazio","39","Females","41761"
"12","Lazio","40","Total","84149"
"12","Lazio","40","Males","41569"
"12","Lazio","40","Females","42580"
"12","Lazio","41","Total","87533"
"12","Lazio","41","Males","42847"
"12","Lazio","41","Females","44686"
"12","Lazio","42","Total","91998"
"12","Lazio","42","Males","45026"
"12","Lazio","42","Females","46972"
"12","Lazio","43","Total","95928"
"12","Lazio","43","Males","46684"
"12","Lazio","43","Females","49244"
"12","Lazio","44","Total","95745"
"12","Lazio","44","Males","46708"
"12","Lazio","44","Females","49037"
"12","Lazio","45","Total","96900"
"12","Lazio","45","Males","47075"
"12","Lazio","45","Females","49825"
"12","Lazio","46","Total","96878"
"12","Lazio","46","Males","46995"
"12","Lazio","46","Females","49883"
"12","Lazio","47","Total","96789"
"12","Lazio","47","Males","47151"
"12","Lazio","47","Females","49638"
"12","Lazio","48","Total","98114"
"12","Lazio","48","Males","47456"
"12","Lazio","48","Females","50658"
"12","Lazio","49","Total","97067"
"12","Lazio","49","Males","46868"
"12","Lazio","49","Females","50199"
"12","Lazio","50","Total","97184"
"12","Lazio","50","Males","46700"
"12","Lazio","50","Females","50484"
"12","Lazio","51","Total","97612"
"12","Lazio","51","Males","47537"
"12","Lazio","51","Females","50075"
"12","Lazio","52","Total","97486"
"12","Lazio","52","Males","47361"
"12","Lazio","52","Females","50125"
"12","Lazio","53","Total","98981"
"12","Lazio","53","Males","47842"
"12","Lazio","53","Females","51139"
"12","Lazio","54","Total","92750"
"12","Lazio","54","Males","44717"
"12","Lazio","54","Females","48033"
"12","Lazio","55","Total","88636"
"12","Lazio","55","Males","42606"
"12","Lazio","55","Females","46030"
"12","Lazio","56","Total","86332"
"12","Lazio","56","Males","41439"
"12","Lazio","56","Females","44893"
"12","Lazio","57","Total","82609"
"12","Lazio","57","Males","39518"
"12","Lazio","57","Females","43091"
"12","Lazio","58","Total","80020"
"12","Lazio","58","Males","38126"
"12","Lazio","58","Females","41894"
"12","Lazio","59","Total","76615"
"12","Lazio","59","Males","36402"
"12","Lazio","59","Females","40213"
"12","Lazio","60","Total","75240"
"12","Lazio","60","Males","35764"
"12","Lazio","60","Females","39476"
"12","Lazio","61","Total","73360"
"12","Lazio","61","Males","34919"
"12","Lazio","61","Females","38441"
"12","Lazio","62","Total","71994"
"12","Lazio","62","Males","34154"
"12","Lazio","62","Females","37840"
"12","Lazio","63","Total","70554"
"12","Lazio","63","Males","33252"
"12","Lazio","63","Females","37302"
"12","Lazio","64","Total","66360"
"12","Lazio","64","Males","31238"
"12","Lazio","64","Females","35122"
"12","Lazio","65","Total","64583"
"12","Lazio","65","Males","30419"
"12","Lazio","65","Females","34164"
"12","Lazio","66","Total","63699"
"12","Lazio","66","Males","29750"
"12","Lazio","66","Females","33949"
"12","Lazio","67","Total","65260"
"12","Lazio","67","Males","30573"
"12","Lazio","67","Females","34687"
"12","Lazio","68","Total","64946"
"12","Lazio","68","Males","30354"
"12","Lazio","68","Females","34592"
"12","Lazio","69","Total","68289"
"12","Lazio","69","Males","31652"
"12","Lazio","69","Females","36637"
"12","Lazio","70","Total","67294"
"12","Lazio","70","Males","31311"
"12","Lazio","70","Females","35983"
"12","Lazio","71","Total","65227"
"12","Lazio","71","Males","29899"
"12","Lazio","71","Females","35328"
"12","Lazio","72","Total","50616"
"12","Lazio","72","Males","22975"
"12","Lazio","72","Females","27641"
"12","Lazio","73","Total","50495"
"12","Lazio","73","Males","22964"
"12","Lazio","73","Females","27531"
"12","Lazio","74","Total","52444"
"12","Lazio","74","Males","23353"
"12","Lazio","74","Females","29091"
"12","Lazio","75","Total","50371"
"12","Lazio","75","Males","22418"
"12","Lazio","75","Females","27953"
"12","Lazio","76","Total","50340"
"12","Lazio","76","Males","22304"
"12","Lazio","76","Females","28036"
"12","Lazio","77","Total","54573"
"12","Lazio","77","Males","23754"
"12","Lazio","77","Females","30819"
"12","Lazio","78","Total","51946"
"12","Lazio","78","Males","22542"
"12","Lazio","78","Females","29404"
"12","Lazio","79","Total","48998"
"12","Lazio","79","Males","20975"
"12","Lazio","79","Females","28023"
"12","Lazio","80","Total","44418"
"12","Lazio","80","Males","18737"
"12","Lazio","80","Females","25681"
"12","Lazio","81","Total","40293"
"12","Lazio","81","Males","16625"
"12","Lazio","81","Females","23668"
"12","Lazio","82","Total","39319"
"12","Lazio","82","Males","16081"
"12","Lazio","82","Females","23238"
"12","Lazio","83","Total","36051"
"12","Lazio","83","Males","14207"
"12","Lazio","83","Females","21844"
"12","Lazio","84","Total","32505"
"12","Lazio","84","Males","12672"
"12","Lazio","84","Females","19833"
"12","Lazio","85","Total","28939"
"12","Lazio","85","Males","10903"
"12","Lazio","85","Females","18036"
"12","Lazio","86","Total","26990"
"12","Lazio","86","Males","10034"
"12","Lazio","86","Females","16956"
"12","Lazio","87","Total","25522"
"12","Lazio","87","Males","9000"
"12","Lazio","87","Females","16522"
"12","Lazio","88","Total","20376"
"12","Lazio","88","Males","7095"
"12","Lazio","88","Females","13281"
"12","Lazio","89","Total","17321"
"12","Lazio","89","Males","5657"
"12","Lazio","89","Females","11664"
"12","Lazio","90","Total","14649"
"12","Lazio","90","Males","4474"
"12","Lazio","90","Females","10175"
"12","Lazio","91","Total","12218"
"12","Lazio","91","Males","3563"
"12","Lazio","91","Females","8655"
"12","Lazio","92","Total","9551"
"12","Lazio","92","Males","2718"
"12","Lazio","92","Females","6833"
"12","Lazio","93","Total","7741"
"12","Lazio","93","Males","2130"
"12","Lazio","93","Females","5611"
"12","Lazio","94","Total","6061"
"12","Lazio","94","Males","1497"
"12","Lazio","94","Females","4564"
"12","Lazio","95","Total","4477"
"12","Lazio","95","Males","1123"
"12","Lazio","95","Females","3354"
"12","Lazio","96","Total","3348"
"12","Lazio","96","Males","764"
"12","Lazio","96","Females","2584"
"12","Lazio","97","Total","2369"
"12","Lazio","97","Males","551"
"12","Lazio","97","Females","1818"
"12","Lazio","98","Total","1081"
"12","Lazio","98","Males","228"
"12","Lazio","98","Females","853"
"12","Lazio","99","Total","589"
"12","Lazio","99","Males","118"
"12","Lazio","99","Females","471"
"12","Lazio","100 and over","Total","1353"
"12","Lazio","100 and over","Males","200"
"12","Lazio","100 and over","Females","1153"
"13","Abruzzo","0","Total","9392"
"13","Abruzzo","0","Males","4840"
"13","Abruzzo","0","Females","4552"
"13","Abruzzo","1","Total","9900"
"13","Abruzzo","1","Males","5097"
"13","Abruzzo","1","Females","4803"
"13","Abruzzo","2","Total","10095"
"13","Abruzzo","2","Males","5198"
"13","Abruzzo","2","Females","4897"
"13","Abruzzo","3","Total","10275"
"13","Abruzzo","3","Males","5279"
"13","Abruzzo","3","Females","4996"
"13","Abruzzo","4","Total","10452"
"13","Abruzzo","4","Males","5389"
"13","Abruzzo","4","Females","5063"
"13","Abruzzo","5","Total","10971"
"13","Abruzzo","5","Males","5623"
"13","Abruzzo","5","Females","5348"
"13","Abruzzo","6","Total","11099"
"13","Abruzzo","6","Males","5800"
"13","Abruzzo","6","Females","5299"
"13","Abruzzo","7","Total","11510"
"13","Abruzzo","7","Males","5908"
"13","Abruzzo","7","Females","5602"
"13","Abruzzo","8","Total","11251"
"13","Abruzzo","8","Males","5785"
"13","Abruzzo","8","Females","5466"
"13","Abruzzo","9","Total","11659"
"13","Abruzzo","9","Males","6006"
"13","Abruzzo","9","Females","5653"
"13","Abruzzo","10","Total","11480"
"13","Abruzzo","10","Males","5842"
"13","Abruzzo","10","Females","5638"
"13","Abruzzo","11","Total","11338"
"13","Abruzzo","11","Males","5868"
"13","Abruzzo","11","Females","5470"
"13","Abruzzo","12","Total","11488"
"13","Abruzzo","12","Males","5867"
"13","Abruzzo","12","Females","5621"
"13","Abruzzo","13","Total","11494"
"13","Abruzzo","13","Males","5971"
"13","Abruzzo","13","Females","5523"
"13","Abruzzo","14","Total","11455"
"13","Abruzzo","14","Males","5920"
"13","Abruzzo","14","Females","5535"
"13","Abruzzo","15","Total","11306"
"13","Abruzzo","15","Males","5859"
"13","Abruzzo","15","Females","5447"
"13","Abruzzo","16","Total","11713"
"13","Abruzzo","16","Males","6015"
"13","Abruzzo","16","Females","5698"
"13","Abruzzo","17","Total","11878"
"13","Abruzzo","17","Males","6262"
"13","Abruzzo","17","Females","5616"
"13","Abruzzo","18","Total","11860"
"13","Abruzzo","18","Males","6203"
"13","Abruzzo","18","Females","5657"
"13","Abruzzo","19","Total","12305"
"13","Abruzzo","19","Males","6445"
"13","Abruzzo","19","Females","5860"
"13","Abruzzo","20","Total","12262"
"13","Abruzzo","20","Males","6469"
"13","Abruzzo","20","Females","5793"
"13","Abruzzo","21","Total","12449"
"13","Abruzzo","21","Males","6409"
"13","Abruzzo","21","Females","6040"
"13","Abruzzo","22","Total","12534"
"13","Abruzzo","22","Males","6539"
"13","Abruzzo","22","Females","5995"
"13","Abruzzo","23","Total","12992"
"13","Abruzzo","23","Males","6673"
"13","Abruzzo","23","Females","6319"
"13","Abruzzo","24","Total","13554"
"13","Abruzzo","24","Males","7018"
"13","Abruzzo","24","Females","6536"
"13","Abruzzo","25","Total","14097"
"13","Abruzzo","25","Males","7252"
"13","Abruzzo","25","Females","6845"
"13","Abruzzo","26","Total","14067"
"13","Abruzzo","26","Males","7201"
"13","Abruzzo","26","Females","6866"
"13","Abruzzo","27","Total","14407"
"13","Abruzzo","27","Males","7407"
"13","Abruzzo","27","Females","7000"
"13","Abruzzo","28","Total","14354"
"13","Abruzzo","28","Males","7410"
"13","Abruzzo","28","Females","6944"
"13","Abruzzo","29","Total","14694"
"13","Abruzzo","29","Males","7478"
"13","Abruzzo","29","Females","7216"
"13","Abruzzo","30","Total","14320"
"13","Abruzzo","30","Males","7219"
"13","Abruzzo","30","Females","7101"
"13","Abruzzo","31","Total","14672"
"13","Abruzzo","31","Males","7478"
"13","Abruzzo","31","Females","7194"
"13","Abruzzo","32","Total","15100"
"13","Abruzzo","32","Males","7613"
"13","Abruzzo","32","Females","7487"
"13","Abruzzo","33","Total","15365"
"13","Abruzzo","33","Males","7795"
"13","Abruzzo","33","Females","7570"
"13","Abruzzo","34","Total","15328"
"13","Abruzzo","34","Males","7816"
"13","Abruzzo","34","Females","7512"
"13","Abruzzo","35","Total","16043"
"13","Abruzzo","35","Males","8020"
"13","Abruzzo","35","Females","8023"
"13","Abruzzo","36","Total","15932"
"13","Abruzzo","36","Males","8006"
"13","Abruzzo","36","Females","7926"
"13","Abruzzo","37","Total","16321"
"13","Abruzzo","37","Males","8334"
"13","Abruzzo","37","Females","7987"
"13","Abruzzo","38","Total","16962"
"13","Abruzzo","38","Males","8571"
"13","Abruzzo","38","Females","8391"
"13","Abruzzo","39","Total","17681"
"13","Abruzzo","39","Males","8972"
"13","Abruzzo","39","Females","8709"
"13","Abruzzo","40","Total","17724"
"13","Abruzzo","40","Males","8996"
"13","Abruzzo","40","Females","8728"
"13","Abruzzo","41","Total","18622"
"13","Abruzzo","41","Males","9392"
"13","Abruzzo","41","Females","9230"
"13","Abruzzo","42","Total","19047"
"13","Abruzzo","42","Males","9380"
"13","Abruzzo","42","Females","9667"
"13","Abruzzo","43","Total","19844"
"13","Abruzzo","43","Males","10029"
"13","Abruzzo","43","Females","9815"
"13","Abruzzo","44","Total","19664"
"13","Abruzzo","44","Males","9687"
"13","Abruzzo","44","Females","9977"
"13","Abruzzo","45","Total","20158"
"13","Abruzzo","45","Males","9960"
"13","Abruzzo","45","Females","10198"
"13","Abruzzo","46","Total","20602"
"13","Abruzzo","46","Males","10064"
"13","Abruzzo","46","Females","10538"
"13","Abruzzo","47","Total","20237"
"13","Abruzzo","47","Males","9973"
"13","Abruzzo","47","Females","10264"
"13","Abruzzo","48","Total","21095"
"13","Abruzzo","48","Males","10450"
"13","Abruzzo","48","Females","10645"
"13","Abruzzo","49","Total","20917"
"13","Abruzzo","49","Males","10353"
"13","Abruzzo","49","Females","10564"
"13","Abruzzo","50","Total","21135"
"13","Abruzzo","50","Males","10332"
"13","Abruzzo","50","Females","10803"
"13","Abruzzo","51","Total","21282"
"13","Abruzzo","51","Males","10483"
"13","Abruzzo","51","Females","10799"
"13","Abruzzo","52","Total","21359"
"13","Abruzzo","52","Males","10513"
"13","Abruzzo","52","Females","10846"
"13","Abruzzo","53","Total","21493"
"13","Abruzzo","53","Males","10695"
"13","Abruzzo","53","Females","10798"
"13","Abruzzo","54","Total","20208"
"13","Abruzzo","54","Males","9904"
"13","Abruzzo","54","Females","10304"
"13","Abruzzo","55","Total","19437"
"13","Abruzzo","55","Males","9483"
"13","Abruzzo","55","Females","9954"
"13","Abruzzo","56","Total","19147"
"13","Abruzzo","56","Males","9195"
"13","Abruzzo","56","Females","9952"
"13","Abruzzo","57","Total","18828"
"13","Abruzzo","57","Males","9080"
"13","Abruzzo","57","Females","9748"
"13","Abruzzo","58","Total","18553"
"13","Abruzzo","58","Males","8934"
"13","Abruzzo","58","Females","9619"
"13","Abruzzo","59","Total","17839"
"13","Abruzzo","59","Males","8619"
"13","Abruzzo","59","Females","9220"
"13","Abruzzo","60","Total","17623"
"13","Abruzzo","60","Males","8509"
"13","Abruzzo","60","Females","9114"
"13","Abruzzo","61","Total","17324"
"13","Abruzzo","61","Males","8509"
"13","Abruzzo","61","Females","8815"
"13","Abruzzo","62","Total","17296"
"13","Abruzzo","62","Males","8314"
"13","Abruzzo","62","Females","8982"
"13","Abruzzo","63","Total","16964"
"13","Abruzzo","63","Males","8166"
"13","Abruzzo","63","Females","8798"
"13","Abruzzo","64","Total","15887"
"13","Abruzzo","64","Males","7628"
"13","Abruzzo","64","Females","8259"
"13","Abruzzo","65","Total","15776"
"13","Abruzzo","65","Males","7596"
"13","Abruzzo","65","Females","8180"
"13","Abruzzo","66","Total","15781"
"13","Abruzzo","66","Males","7458"
"13","Abruzzo","66","Females","8323"
"13","Abruzzo","67","Total","16292"
"13","Abruzzo","67","Males","7858"
"13","Abruzzo","67","Females","8434"
"13","Abruzzo","68","Total","16562"
"13","Abruzzo","68","Males","7949"
"13","Abruzzo","68","Females","8613"
"13","Abruzzo","69","Total","16749"
"13","Abruzzo","69","Males","7942"
"13","Abruzzo","69","Females","8807"
"13","Abruzzo","70","Total","15796"
"13","Abruzzo","70","Males","7599"
"13","Abruzzo","70","Females","8197"
"13","Abruzzo","71","Total","15251"
"13","Abruzzo","71","Males","7346"
"13","Abruzzo","71","Females","7905"
"13","Abruzzo","72","Total","11434"
"13","Abruzzo","72","Males","5348"
"13","Abruzzo","72","Females","6086"
"13","Abruzzo","73","Total","12247"
"13","Abruzzo","73","Males","5853"
"13","Abruzzo","73","Females","6394"
"13","Abruzzo","74","Total","11758"
"13","Abruzzo","74","Males","5453"
"13","Abruzzo","74","Females","6305"
"13","Abruzzo","75","Total","11310"
"13","Abruzzo","75","Males","5222"
"13","Abruzzo","75","Females","6088"
"13","Abruzzo","76","Total","11332"
"13","Abruzzo","76","Males","5255"
"13","Abruzzo","76","Females","6077"
"13","Abruzzo","77","Total","12808"
"13","Abruzzo","77","Males","5791"
"13","Abruzzo","77","Females","7017"
"13","Abruzzo","78","Total","12715"
"13","Abruzzo","78","Males","5660"
"13","Abruzzo","78","Females","7055"
"13","Abruzzo","79","Total","11446"
"13","Abruzzo","79","Males","5114"
"13","Abruzzo","79","Females","6332"
"13","Abruzzo","80","Total","11108"
"13","Abruzzo","80","Males","4889"
"13","Abruzzo","80","Females","6219"
"13","Abruzzo","81","Total","10184"
"13","Abruzzo","81","Males","4343"
"13","Abruzzo","81","Females","5841"
"13","Abruzzo","82","Total","10059"
"13","Abruzzo","82","Males","4200"
"13","Abruzzo","82","Females","5859"
"13","Abruzzo","83","Total","9298"
"13","Abruzzo","83","Males","3791"
"13","Abruzzo","83","Females","5507"
"13","Abruzzo","84","Total","8944"
"13","Abruzzo","84","Males","3527"
"13","Abruzzo","84","Females","5417"
"13","Abruzzo","85","Total","7733"
"13","Abruzzo","85","Males","3018"
"13","Abruzzo","85","Females","4715"
"13","Abruzzo","86","Total","7267"
"13","Abruzzo","86","Males","2713"
"13","Abruzzo","86","Females","4554"
"13","Abruzzo","87","Total","7041"
"13","Abruzzo","87","Males","2554"
"13","Abruzzo","87","Females","4487"
"13","Abruzzo","88","Total","5628"
"13","Abruzzo","88","Males","1951"
"13","Abruzzo","88","Females","3677"
"13","Abruzzo","89","Total","4916"
"13","Abruzzo","89","Males","1657"
"13","Abruzzo","89","Females","3259"
"13","Abruzzo","90","Total","4309"
"13","Abruzzo","90","Males","1364"
"13","Abruzzo","90","Females","2945"
"13","Abruzzo","91","Total","3400"
"13","Abruzzo","91","Males","1009"
"13","Abruzzo","91","Females","2391"
"13","Abruzzo","92","Total","2750"
"13","Abruzzo","92","Males","785"
"13","Abruzzo","92","Females","1965"
"13","Abruzzo","93","Total","2191"
"13","Abruzzo","93","Males","623"
"13","Abruzzo","93","Females","1568"
"13","Abruzzo","94","Total","1710"
"13","Abruzzo","94","Males","462"
"13","Abruzzo","94","Females","1248"
"13","Abruzzo","95","Total","1331"
"13","Abruzzo","95","Males","317"
"13","Abruzzo","95","Females","1014"
"13","Abruzzo","96","Total","1011"
"13","Abruzzo","96","Males","269"
"13","Abruzzo","96","Females","742"
"13","Abruzzo","97","Total","690"
"13","Abruzzo","97","Males","150"
"13","Abruzzo","97","Females","540"
"13","Abruzzo","98","Total","334"
"13","Abruzzo","98","Males","69"
"13","Abruzzo","98","Females","265"
"13","Abruzzo","99","Total","156"
"13","Abruzzo","99","Males","29"
"13","Abruzzo","99","Females","127"
"13","Abruzzo","100 and over","Total","402"
"13","Abruzzo","100 and over","Males","63"
"13","Abruzzo","100 and over","Females","339"
"14","Molise","0","Total","2080"
"14","Molise","0","Males","1108"
"14","Molise","0","Females","972"
"14","Molise","1","Total","2060"
"14","Molise","1","Males","1048"
"14","Molise","1","Females","1012"
"14","Molise","2","Total","2141"
"14","Molise","2","Males","1124"
"14","Molise","2","Females","1017"
"14","Molise","3","Total","2178"
"14","Molise","3","Males","1175"
"14","Molise","3","Females","1003"
"14","Molise","4","Total","2201"
"14","Molise","4","Males","1137"
"14","Molise","4","Females","1064"
"14","Molise","5","Total","2253"
"14","Molise","5","Males","1166"
"14","Molise","5","Females","1087"
"14","Molise","6","Total","2303"
"14","Molise","6","Males","1158"
"14","Molise","6","Females","1145"
"14","Molise","7","Total","2441"
"14","Molise","7","Males","1283"
"14","Molise","7","Females","1158"
"14","Molise","8","Total","2296"
"14","Molise","8","Males","1187"
"14","Molise","8","Females","1109"
"14","Molise","9","Total","2474"
"14","Molise","9","Males","1305"
"14","Molise","9","Females","1169"
"14","Molise","10","Total","2486"
"14","Molise","10","Males","1274"
"14","Molise","10","Females","1212"
"14","Molise","11","Total","2478"
"14","Molise","11","Males","1270"
"14","Molise","11","Females","1208"
"14","Molise","12","Total","2555"
"14","Molise","12","Males","1344"
"14","Molise","12","Females","1211"
"14","Molise","13","Total","2577"
"14","Molise","13","Males","1372"
"14","Molise","13","Females","1205"
"14","Molise","14","Total","2610"
"14","Molise","14","Males","1356"
"14","Molise","14","Females","1254"
"14","Molise","15","Total","2661"
"14","Molise","15","Males","1355"
"14","Molise","15","Females","1306"
"14","Molise","16","Total","2707"
"14","Molise","16","Males","1393"
"14","Molise","16","Females","1314"
"14","Molise","17","Total","2857"
"14","Molise","17","Males","1482"
"14","Molise","17","Females","1375"
"14","Molise","18","Total","2992"
"14","Molise","18","Males","1605"
"14","Molise","18","Females","1387"
"14","Molise","19","Total","3239"
"14","Molise","19","Males","1835"
"14","Molise","19","Females","1404"
"14","Molise","20","Total","3144"
"14","Molise","20","Males","1743"
"14","Molise","20","Females","1401"
"14","Molise","21","Total","3174"
"14","Molise","21","Males","1675"
"14","Molise","21","Females","1499"
"14","Molise","22","Total","3205"
"14","Molise","22","Males","1672"
"14","Molise","22","Females","1533"
"14","Molise","23","Total","3333"
"14","Molise","23","Males","1804"
"14","Molise","23","Females","1529"
"14","Molise","24","Total","3408"
"14","Molise","24","Males","1801"
"14","Molise","24","Females","1607"
"14","Molise","25","Total","3573"
"14","Molise","25","Males","1864"
"14","Molise","25","Females","1709"
"14","Molise","26","Total","3558"
"14","Molise","26","Males","1933"
"14","Molise","26","Females","1625"
"14","Molise","27","Total","3515"
"14","Molise","27","Males","1829"
"14","Molise","27","Females","1686"
"14","Molise","28","Total","3514"
"14","Molise","28","Males","1852"
"14","Molise","28","Females","1662"
"14","Molise","29","Total","3592"
"14","Molise","29","Males","1887"
"14","Molise","29","Females","1705"
"14","Molise","30","Total","3561"
"14","Molise","30","Males","1898"
"14","Molise","30","Females","1663"
"14","Molise","31","Total","3461"
"14","Molise","31","Males","1834"
"14","Molise","31","Females","1627"
"14","Molise","32","Total","3591"
"14","Molise","32","Males","1855"
"14","Molise","32","Females","1736"
"14","Molise","33","Total","3590"
"14","Molise","33","Males","1861"
"14","Molise","33","Females","1729"
"14","Molise","34","Total","3584"
"14","Molise","34","Males","1878"
"14","Molise","34","Females","1706"
"14","Molise","35","Total","3684"
"14","Molise","35","Males","1875"
"14","Molise","35","Females","1809"
"14","Molise","36","Total","3720"
"14","Molise","36","Males","1909"
"14","Molise","36","Females","1811"
"14","Molise","37","Total","3667"
"14","Molise","37","Males","1867"
"14","Molise","37","Females","1800"
"14","Molise","38","Total","3867"
"14","Molise","38","Males","1962"
"14","Molise","38","Females","1905"
"14","Molise","39","Total","3924"
"14","Molise","39","Males","1971"
"14","Molise","39","Females","1953"
"14","Molise","40","Total","4001"
"14","Molise","40","Males","2016"
"14","Molise","40","Females","1985"
"14","Molise","41","Total","4111"
"14","Molise","41","Males","2183"
"14","Molise","41","Females","1928"
"14","Molise","42","Total","4369"
"14","Molise","42","Males","2235"
"14","Molise","42","Females","2134"
"14","Molise","43","Total","4535"
"14","Molise","43","Males","2293"
"14","Molise","43","Females","2242"
"14","Molise","44","Total","4381"
"14","Molise","44","Males","2180"
"14","Molise","44","Females","2201"
"14","Molise","45","Total","4485"
"14","Molise","45","Males","2231"
"14","Molise","45","Females","2254"
"14","Molise","46","Total","4454"
"14","Molise","46","Males","2230"
"14","Molise","46","Females","2224"
"14","Molise","47","Total","4473"
"14","Molise","47","Males","2238"
"14","Molise","47","Females","2235"
"14","Molise","48","Total","4707"
"14","Molise","48","Males","2319"
"14","Molise","48","Females","2388"
"14","Molise","49","Total","4748"
"14","Molise","49","Males","2355"
"14","Molise","49","Females","2393"
"14","Molise","50","Total","4870"
"14","Molise","50","Males","2385"
"14","Molise","50","Females","2485"
"14","Molise","51","Total","4910"
"14","Molise","51","Males","2389"
"14","Molise","51","Females","2521"
"14","Molise","52","Total","4878"
"14","Molise","52","Males","2418"
"14","Molise","52","Females","2460"
"14","Molise","53","Total","5047"
"14","Molise","53","Males","2541"
"14","Molise","53","Females","2506"
"14","Molise","54","Total","4724"
"14","Molise","54","Males","2399"
"14","Molise","54","Females","2325"
"14","Molise","55","Total","4596"
"14","Molise","55","Males","2269"
"14","Molise","55","Females","2327"
"14","Molise","56","Total","4592"
"14","Molise","56","Males","2327"
"14","Molise","56","Females","2265"
"14","Molise","57","Total","4645"
"14","Molise","57","Males","2290"
"14","Molise","57","Females","2355"
"14","Molise","58","Total","4492"
"14","Molise","58","Males","2191"
"14","Molise","58","Females","2301"
"14","Molise","59","Total","4242"
"14","Molise","59","Males","2020"
"14","Molise","59","Females","2222"
"14","Molise","60","Total","4248"
"14","Molise","60","Males","2108"
"14","Molise","60","Females","2140"
"14","Molise","61","Total","4239"
"14","Molise","61","Males","2136"
"14","Molise","61","Females","2103"
"14","Molise","62","Total","4184"
"14","Molise","62","Males","2073"
"14","Molise","62","Females","2111"
"14","Molise","63","Total","4198"
"14","Molise","63","Males","2030"
"14","Molise","63","Females","2168"
"14","Molise","64","Total","3842"
"14","Molise","64","Males","1889"
"14","Molise","64","Females","1953"
"14","Molise","65","Total","3972"
"14","Molise","65","Males","1925"
"14","Molise","65","Females","2047"
"14","Molise","66","Total","3665"
"14","Molise","66","Males","1788"
"14","Molise","66","Females","1877"
"14","Molise","67","Total","3960"
"14","Molise","67","Males","1956"
"14","Molise","67","Females","2004"
"14","Molise","68","Total","4123"
"14","Molise","68","Males","2033"
"14","Molise","68","Females","2090"
"14","Molise","69","Total","4001"
"14","Molise","69","Males","1960"
"14","Molise","69","Females","2041"
"14","Molise","70","Total","3794"
"14","Molise","70","Males","1835"
"14","Molise","70","Females","1959"
"14","Molise","71","Total","3517"
"14","Molise","71","Males","1756"
"14","Molise","71","Females","1761"
"14","Molise","72","Total","2728"
"14","Molise","72","Males","1312"
"14","Molise","72","Females","1416"
"14","Molise","73","Total","2669"
"14","Molise","73","Males","1249"
"14","Molise","73","Females","1420"
"14","Molise","74","Total","2501"
"14","Molise","74","Males","1177"
"14","Molise","74","Females","1324"
"14","Molise","75","Total","2419"
"14","Molise","75","Males","1149"
"14","Molise","75","Females","1270"
"14","Molise","76","Total","2632"
"14","Molise","76","Males","1182"
"14","Molise","76","Females","1450"
"14","Molise","77","Total","2988"
"14","Molise","77","Males","1317"
"14","Molise","77","Females","1671"
"14","Molise","78","Total","3118"
"14","Molise","78","Males","1344"
"14","Molise","78","Females","1774"
"14","Molise","79","Total","2668"
"14","Molise","79","Males","1199"
"14","Molise","79","Females","1469"
"14","Molise","80","Total","2630"
"14","Molise","80","Males","1115"
"14","Molise","80","Females","1515"
"14","Molise","81","Total","2617"
"14","Molise","81","Males","1064"
"14","Molise","81","Females","1553"
"14","Molise","82","Total","2486"
"14","Molise","82","Males","1004"
"14","Molise","82","Females","1482"
"14","Molise","83","Total","2446"
"14","Molise","83","Males","1008"
"14","Molise","83","Females","1438"
"14","Molise","84","Total","2262"
"14","Molise","84","Males","873"
"14","Molise","84","Females","1389"
"14","Molise","85","Total","1967"
"14","Molise","85","Males","740"
"14","Molise","85","Females","1227"
"14","Molise","86","Total","1813"
"14","Molise","86","Males","678"
"14","Molise","86","Females","1135"
"14","Molise","87","Total","1823"
"14","Molise","87","Males","618"
"14","Molise","87","Females","1205"
"14","Molise","88","Total","1477"
"14","Molise","88","Males","515"
"14","Molise","88","Females","962"
"14","Molise","89","Total","1220"
"14","Molise","89","Males","390"
"14","Molise","89","Females","830"
"14","Molise","90","Total","1144"
"14","Molise","90","Males","353"
"14","Molise","90","Females","791"
"14","Molise","91","Total","914"
"14","Molise","91","Males","258"
"14","Molise","91","Females","656"
"14","Molise","92","Total","684"
"14","Molise","92","Males","190"
"14","Molise","92","Females","494"
"14","Molise","93","Total","571"
"14","Molise","93","Males","155"
"14","Molise","93","Females","416"
"14","Molise","94","Total","447"
"14","Molise","94","Males","112"
"14","Molise","94","Females","335"
"14","Molise","95","Total","364"
"14","Molise","95","Males","100"
"14","Molise","95","Females","264"
"14","Molise","96","Total","281"
"14","Molise","96","Males","75"
"14","Molise","96","Females","206"
"14","Molise","97","Total","195"
"14","Molise","97","Males","52"
"14","Molise","97","Females","143"
"14","Molise","98","Total","81"
"14","Molise","98","Males","18"
"14","Molise","98","Females","63"
"14","Molise","99","Total","50"
"14","Molise","99","Males","12"
"14","Molise","99","Females","38"
"14","Molise","100 and over","Total","112"
"14","Molise","100 and over","Males","27"
"14","Molise","100 and over","Females","85"
"15","Campania","0","Total","49592"
"15","Campania","0","Males","25360"
"15","Campania","0","Females","24232"
"15","Campania","1","Total","49726"
"15","Campania","1","Males","25549"
"15","Campania","1","Females","24177"
"15","Campania","2","Total","50330"
"15","Campania","2","Males","25826"
"15","Campania","2","Females","24504"
"15","Campania","3","Total","50997"
"15","Campania","3","Males","26356"
"15","Campania","3","Females","24641"
"15","Campania","4","Total","52078"
"15","Campania","4","Males","26579"
"15","Campania","4","Females","25499"
"15","Campania","5","Total","54429"
"15","Campania","5","Males","28121"
"15","Campania","5","Females","26308"
"15","Campania","6","Total","55539"
"15","Campania","6","Males","28628"
"15","Campania","6","Females","26911"
"15","Campania","7","Total","57222"
"15","Campania","7","Males","29648"
"15","Campania","7","Females","27574"
"15","Campania","8","Total","58849"
"15","Campania","8","Males","30135"
"15","Campania","8","Females","28714"
"15","Campania","9","Total","59534"
"15","Campania","9","Males","30419"
"15","Campania","9","Females","29115"
"15","Campania","10","Total","60722"
"15","Campania","10","Males","31041"
"15","Campania","10","Females","29681"
"15","Campania","11","Total","61085"
"15","Campania","11","Males","31578"
"15","Campania","11","Females","29507"
"15","Campania","12","Total","61653"
"15","Campania","12","Males","31719"
"15","Campania","12","Females","29934"
"15","Campania","13","Total","63788"
"15","Campania","13","Males","32848"
"15","Campania","13","Females","30940"
"15","Campania","14","Total","64500"
"15","Campania","14","Males","32932"
"15","Campania","14","Females","31568"
"15","Campania","15","Total","63952"
"15","Campania","15","Males","32782"
"15","Campania","15","Females","31170"
"15","Campania","16","Total","65506"
"15","Campania","16","Males","33838"
"15","Campania","16","Females","31668"
"15","Campania","17","Total","66833"
"15","Campania","17","Males","34478"
"15","Campania","17","Females","32355"
"15","Campania","18","Total","67494"
"15","Campania","18","Males","35039"
"15","Campania","18","Females","32455"
"15","Campania","19","Total","68425"
"15","Campania","19","Males","35911"
"15","Campania","19","Females","32514"
"15","Campania","20","Total","68370"
"15","Campania","20","Males","35775"
"15","Campania","20","Females","32595"
"15","Campania","21","Total","69233"
"15","Campania","21","Males","36035"
"15","Campania","21","Females","33198"
"15","Campania","22","Total","69528"
"15","Campania","22","Males","35634"
"15","Campania","22","Females","33894"
"15","Campania","23","Total","70706"
"15","Campania","23","Males","36412"
"15","Campania","23","Females","34294"
"15","Campania","24","Total","72189"
"15","Campania","24","Males","36881"
"15","Campania","24","Females","35308"
"15","Campania","25","Total","75502"
"15","Campania","25","Males","38525"
"15","Campania","25","Females","36977"
"15","Campania","26","Total","74536"
"15","Campania","26","Males","37870"
"15","Campania","26","Females","36666"
"15","Campania","27","Total","74070"
"15","Campania","27","Males","37600"
"15","Campania","27","Females","36470"
"15","Campania","28","Total","73428"
"15","Campania","28","Males","37119"
"15","Campania","28","Females","36309"
"15","Campania","29","Total","74070"
"15","Campania","29","Males","37260"
"15","Campania","29","Females","36810"
"15","Campania","30","Total","71361"
"15","Campania","30","Males","36200"
"15","Campania","30","Females","35161"
"15","Campania","31","Total","70469"
"15","Campania","31","Males","35566"
"15","Campania","31","Females","34903"
"15","Campania","32","Total","71860"
"15","Campania","32","Males","36534"
"15","Campania","32","Females","35326"
"15","Campania","33","Total","72586"
"15","Campania","33","Males","36295"
"15","Campania","33","Females","36291"
"15","Campania","34","Total","72922"
"15","Campania","34","Males","36515"
"15","Campania","34","Females","36407"
"15","Campania","35","Total","74443"
"15","Campania","35","Males","37526"
"15","Campania","35","Females","36917"
"15","Campania","36","Total","73575"
"15","Campania","36","Males","36644"
"15","Campania","36","Females","36931"
"15","Campania","37","Total","74246"
"15","Campania","37","Males","37153"
"15","Campania","37","Females","37093"
"15","Campania","38","Total","75994"
"15","Campania","38","Males","37788"
"15","Campania","38","Females","38206"
"15","Campania","39","Total","78100"
"15","Campania","39","Males","38674"
"15","Campania","39","Females","39426"
"15","Campania","40","Total","79600"
"15","Campania","40","Males","39436"
"15","Campania","40","Females","40164"
"15","Campania","41","Total","82616"
"15","Campania","41","Males","40897"
"15","Campania","41","Females","41719"
"15","Campania","42","Total","85419"
"15","Campania","42","Males","42441"
"15","Campania","42","Females","42978"
"15","Campania","43","Total","88469"
"15","Campania","43","Males","43436"
"15","Campania","43","Females","45033"
"15","Campania","44","Total","87115"
"15","Campania","44","Males","42528"
"15","Campania","44","Females","44587"
"15","Campania","45","Total","87623"
"15","Campania","45","Males","42770"
"15","Campania","45","Females","44853"
"15","Campania","46","Total","88193"
"15","Campania","46","Males","42734"
"15","Campania","46","Females","45459"
"15","Campania","47","Total","86766"
"15","Campania","47","Males","42029"
"15","Campania","47","Females","44737"
"15","Campania","48","Total","89123"
"15","Campania","48","Males","43436"
"15","Campania","48","Females","45687"
"15","Campania","49","Total","89104"
"15","Campania","49","Males","43177"
"15","Campania","49","Females","45927"
"15","Campania","50","Total","90080"
"15","Campania","50","Males","43552"
"15","Campania","50","Females","46528"
"15","Campania","51","Total","90743"
"15","Campania","51","Males","43956"
"15","Campania","51","Females","46787"
"15","Campania","52","Total","90577"
"15","Campania","52","Males","43987"
"15","Campania","52","Females","46590"
"15","Campania","53","Total","92527"
"15","Campania","53","Males","44827"
"15","Campania","53","Females","47700"
"15","Campania","54","Total","86805"
"15","Campania","54","Males","41713"
"15","Campania","54","Females","45092"
"15","Campania","55","Total","84760"
"15","Campania","55","Males","40566"
"15","Campania","55","Females","44194"
"15","Campania","56","Total","82887"
"15","Campania","56","Males","39731"
"15","Campania","56","Females","43156"
"15","Campania","57","Total","79350"
"15","Campania","57","Males","37916"
"15","Campania","57","Females","41434"
"15","Campania","58","Total","78137"
"15","Campania","58","Males","37581"
"15","Campania","58","Females","40556"
"15","Campania","59","Total","74105"
"15","Campania","59","Males","35525"
"15","Campania","59","Females","38580"
"15","Campania","60","Total","73063"
"15","Campania","60","Males","35079"
"15","Campania","60","Females","37984"
"15","Campania","61","Total","69679"
"15","Campania","61","Males","33258"
"15","Campania","61","Females","36421"
"15","Campania","62","Total","70444"
"15","Campania","62","Males","34033"
"15","Campania","62","Females","36411"
"15","Campania","63","Total","69415"
"15","Campania","63","Males","33136"
"15","Campania","63","Females","36279"
"15","Campania","64","Total","63579"
"15","Campania","64","Males","30588"
"15","Campania","64","Females","32991"
"15","Campania","65","Total","61487"
"15","Campania","65","Males","29553"
"15","Campania","65","Females","31934"
"15","Campania","66","Total","61383"
"15","Campania","66","Males","29613"
"15","Campania","66","Females","31770"
"15","Campania","67","Total","62313"
"15","Campania","67","Males","29875"
"15","Campania","67","Females","32438"
"15","Campania","68","Total","62149"
"15","Campania","68","Males","29546"
"15","Campania","68","Females","32603"
"15","Campania","69","Total","63189"
"15","Campania","69","Males","30071"
"15","Campania","69","Females","33118"
"15","Campania","70","Total","60634"
"15","Campania","70","Males","28618"
"15","Campania","70","Females","32016"
"15","Campania","71","Total","60791"
"15","Campania","71","Males","28668"
"15","Campania","71","Females","32123"
"15","Campania","72","Total","49273"
"15","Campania","72","Males","23111"
"15","Campania","72","Females","26162"
"15","Campania","73","Total","41816"
"15","Campania","73","Males","19344"
"15","Campania","73","Females","22472"
"15","Campania","74","Total","44704"
"15","Campania","74","Males","20211"
"15","Campania","74","Females","24493"
"15","Campania","75","Total","42377"
"15","Campania","75","Males","19097"
"15","Campania","75","Females","23280"
"15","Campania","76","Total","40102"
"15","Campania","76","Males","17580"
"15","Campania","76","Females","22522"
"15","Campania","77","Total","43473"
"15","Campania","77","Males","19040"
"15","Campania","77","Females","24433"
"15","Campania","78","Total","41762"
"15","Campania","78","Males","17987"
"15","Campania","78","Females","23775"
"15","Campania","79","Total","37803"
"15","Campania","79","Males","15994"
"15","Campania","79","Females","21809"
"15","Campania","80","Total","35088"
"15","Campania","80","Males","14622"
"15","Campania","80","Females","20466"
"15","Campania","81","Total","31710"
"15","Campania","81","Males","12789"
"15","Campania","81","Females","18921"
"15","Campania","82","Total","30948"
"15","Campania","82","Males","12377"
"15","Campania","82","Females","18571"
"15","Campania","83","Total","27748"
"15","Campania","83","Males","10787"
"15","Campania","83","Females","16961"
"15","Campania","84","Total","26339"
"15","Campania","84","Males","9982"
"15","Campania","84","Females","16357"
"15","Campania","85","Total","23560"
"15","Campania","85","Males","8806"
"15","Campania","85","Females","14754"
"15","Campania","86","Total","21188"
"15","Campania","86","Males","7600"
"15","Campania","86","Females","13588"
"15","Campania","87","Total","19553"
"15","Campania","87","Males","6681"
"15","Campania","87","Females","12872"
"15","Campania","88","Total","15798"
"15","Campania","88","Males","5320"
"15","Campania","88","Females","10478"
"15","Campania","89","Total","13355"
"15","Campania","89","Males","4215"
"15","Campania","89","Females","9140"
"15","Campania","90","Total","11042"
"15","Campania","90","Males","3334"
"15","Campania","90","Females","7708"
"15","Campania","91","Total","8739"
"15","Campania","91","Males","2602"
"15","Campania","91","Females","6137"
"15","Campania","92","Total","7010"
"15","Campania","92","Males","1885"
"15","Campania","92","Females","5125"
"15","Campania","93","Total","5299"
"15","Campania","93","Males","1378"
"15","Campania","93","Females","3921"
"15","Campania","94","Total","4127"
"15","Campania","94","Males","1054"
"15","Campania","94","Females","3073"
"15","Campania","95","Total","2946"
"15","Campania","95","Males","735"
"15","Campania","95","Females","2211"
"15","Campania","96","Total","2166"
"15","Campania","96","Males","512"
"15","Campania","96","Females","1654"
"15","Campania","97","Total","1482"
"15","Campania","97","Males","337"
"15","Campania","97","Females","1145"
"15","Campania","98","Total","642"
"15","Campania","98","Males","147"
"15","Campania","98","Females","495"
"15","Campania","99","Total","382"
"15","Campania","99","Males","99"
"15","Campania","99","Females","283"
"15","Campania","100 and over","Total","890"
"15","Campania","100 and over","Males","182"
"15","Campania","100 and over","Females","708"
"16","Puglia","0","Total","29773"
"16","Puglia","0","Males","15194"
"16","Puglia","0","Females","14579"
"16","Puglia","1","Total","30643"
"16","Puglia","1","Males","15769"
"16","Puglia","1","Females","14874"
"16","Puglia","2","Total","31106"
"16","Puglia","2","Males","15903"
"16","Puglia","2","Females","15203"
"16","Puglia","3","Total","32403"
"16","Puglia","3","Males","16754"
"16","Puglia","3","Females","15649"
"16","Puglia","4","Total","33177"
"16","Puglia","4","Males","17055"
"16","Puglia","4","Females","16122"
"16","Puglia","5","Total","34305"
"16","Puglia","5","Males","17709"
"16","Puglia","5","Females","16596"
"16","Puglia","6","Total","35419"
"16","Puglia","6","Males","18208"
"16","Puglia","6","Females","17211"
"16","Puglia","7","Total","36603"
"16","Puglia","7","Males","18794"
"16","Puglia","7","Females","17809"
"16","Puglia","8","Total","37042"
"16","Puglia","8","Males","19101"
"16","Puglia","8","Females","17941"
"16","Puglia","9","Total","37547"
"16","Puglia","9","Males","19344"
"16","Puglia","9","Females","18203"
"16","Puglia","10","Total","38002"
"16","Puglia","10","Males","19624"
"16","Puglia","10","Females","18378"
"16","Puglia","11","Total","38206"
"16","Puglia","11","Males","19532"
"16","Puglia","11","Females","18674"
"16","Puglia","12","Total","38892"
"16","Puglia","12","Males","20076"
"16","Puglia","12","Females","18816"
"16","Puglia","13","Total","40302"
"16","Puglia","13","Males","20481"
"16","Puglia","13","Females","19821"
"16","Puglia","14","Total","40657"
"16","Puglia","14","Males","20759"
"16","Puglia","14","Females","19898"
"16","Puglia","15","Total","40787"
"16","Puglia","15","Males","20814"
"16","Puglia","15","Females","19973"
"16","Puglia","16","Total","41925"
"16","Puglia","16","Males","21606"
"16","Puglia","16","Females","20319"
"16","Puglia","17","Total","42888"
"16","Puglia","17","Males","21999"
"16","Puglia","17","Females","20889"
"16","Puglia","18","Total","43049"
"16","Puglia","18","Males","22519"
"16","Puglia","18","Females","20530"
"16","Puglia","19","Total","43513"
"16","Puglia","19","Males","22745"
"16","Puglia","19","Females","20768"
"16","Puglia","20","Total","43469"
"16","Puglia","20","Males","22666"
"16","Puglia","20","Females","20803"
"16","Puglia","21","Total","43818"
"16","Puglia","21","Males","22730"
"16","Puglia","21","Females","21088"
"16","Puglia","22","Total","43869"
"16","Puglia","22","Males","22760"
"16","Puglia","22","Females","21109"
"16","Puglia","23","Total","44474"
"16","Puglia","23","Males","22987"
"16","Puglia","23","Females","21487"
"16","Puglia","24","Total","45876"
"16","Puglia","24","Males","23689"
"16","Puglia","24","Females","22187"
"16","Puglia","25","Total","47930"
"16","Puglia","25","Males","24690"
"16","Puglia","25","Females","23240"
"16","Puglia","26","Total","47021"
"16","Puglia","26","Males","24160"
"16","Puglia","26","Females","22861"
"16","Puglia","27","Total","46837"
"16","Puglia","27","Males","24111"
"16","Puglia","27","Females","22726"
"16","Puglia","28","Total","46194"
"16","Puglia","28","Males","23279"
"16","Puglia","28","Females","22915"
"16","Puglia","29","Total","47092"
"16","Puglia","29","Males","23948"
"16","Puglia","29","Females","23144"
"16","Puglia","30","Total","45936"
"16","Puglia","30","Males","23236"
"16","Puglia","30","Females","22700"
"16","Puglia","31","Total","45258"
"16","Puglia","31","Males","23019"
"16","Puglia","31","Females","22239"
"16","Puglia","32","Total","45202"
"16","Puglia","32","Males","22624"
"16","Puglia","32","Females","22578"
"16","Puglia","33","Total","46571"
"16","Puglia","33","Males","23117"
"16","Puglia","33","Females","23454"
"16","Puglia","34","Total","46835"
"16","Puglia","34","Males","23524"
"16","Puglia","34","Females","23311"
"16","Puglia","35","Total","48213"
"16","Puglia","35","Males","23853"
"16","Puglia","35","Females","24360"
"16","Puglia","36","Total","48831"
"16","Puglia","36","Males","24040"
"16","Puglia","36","Females","24791"
"16","Puglia","37","Total","50291"
"16","Puglia","37","Males","25042"
"16","Puglia","37","Females","25249"
"16","Puglia","38","Total","52855"
"16","Puglia","38","Males","26320"
"16","Puglia","38","Females","26535"
"16","Puglia","39","Total","54556"
"16","Puglia","39","Males","27215"
"16","Puglia","39","Females","27341"
"16","Puglia","40","Total","56840"
"16","Puglia","40","Males","28379"
"16","Puglia","40","Females","28461"
"16","Puglia","41","Total","58986"
"16","Puglia","41","Males","29229"
"16","Puglia","41","Females","29757"
"16","Puglia","42","Total","60543"
"16","Puglia","42","Males","30093"
"16","Puglia","42","Females","30450"
"16","Puglia","43","Total","62189"
"16","Puglia","43","Males","30490"
"16","Puglia","43","Females","31699"
"16","Puglia","44","Total","60170"
"16","Puglia","44","Males","29564"
"16","Puglia","44","Females","30606"
"16","Puglia","45","Total","59328"
"16","Puglia","45","Males","29243"
"16","Puglia","45","Females","30085"
"16","Puglia","46","Total","60721"
"16","Puglia","46","Males","29912"
"16","Puglia","46","Females","30809"
"16","Puglia","47","Total","60336"
"16","Puglia","47","Males","29695"
"16","Puglia","47","Females","30641"
"16","Puglia","48","Total","61909"
"16","Puglia","48","Males","30026"
"16","Puglia","48","Females","31883"
"16","Puglia","49","Total","62135"
"16","Puglia","49","Males","30154"
"16","Puglia","49","Females","31981"
"16","Puglia","50","Total","62861"
"16","Puglia","50","Males","30671"
"16","Puglia","50","Females","32190"
"16","Puglia","51","Total","63513"
"16","Puglia","51","Males","30905"
"16","Puglia","51","Females","32608"
"16","Puglia","52","Total","63382"
"16","Puglia","52","Males","30670"
"16","Puglia","52","Females","32712"
"16","Puglia","53","Total","64230"
"16","Puglia","53","Males","31155"
"16","Puglia","53","Females","33075"
"16","Puglia","54","Total","59790"
"16","Puglia","54","Males","28804"
"16","Puglia","54","Females","30986"
"16","Puglia","55","Total","58196"
"16","Puglia","55","Males","28042"
"16","Puglia","55","Females","30154"
"16","Puglia","56","Total","57604"
"16","Puglia","56","Males","27760"
"16","Puglia","56","Females","29844"
"16","Puglia","57","Total","56094"
"16","Puglia","57","Males","27087"
"16","Puglia","57","Females","29007"
"16","Puglia","58","Total","54714"
"16","Puglia","58","Males","26187"
"16","Puglia","58","Females","28527"
"16","Puglia","59","Total","51779"
"16","Puglia","59","Males","24462"
"16","Puglia","59","Females","27317"
"16","Puglia","60","Total","52478"
"16","Puglia","60","Males","25024"
"16","Puglia","60","Females","27454"
"16","Puglia","61","Total","51117"
"16","Puglia","61","Males","24324"
"16","Puglia","61","Females","26793"
"16","Puglia","62","Total","50492"
"16","Puglia","62","Males","24024"
"16","Puglia","62","Females","26468"
"16","Puglia","63","Total","49026"
"16","Puglia","63","Males","23478"
"16","Puglia","63","Females","25548"
"16","Puglia","64","Total","47368"
"16","Puglia","64","Males","22568"
"16","Puglia","64","Females","24800"
"16","Puglia","65","Total","45451"
"16","Puglia","65","Males","21632"
"16","Puglia","65","Females","23819"
"16","Puglia","66","Total","46906"
"16","Puglia","66","Males","22368"
"16","Puglia","66","Females","24538"
"16","Puglia","67","Total","48285"
"16","Puglia","67","Males","23033"
"16","Puglia","67","Females","25252"
"16","Puglia","68","Total","48082"
"16","Puglia","68","Males","22957"
"16","Puglia","68","Females","25125"
"16","Puglia","69","Total","50716"
"16","Puglia","69","Males","23969"
"16","Puglia","69","Females","26747"
"16","Puglia","70","Total","47465"
"16","Puglia","70","Males","22437"
"16","Puglia","70","Females","25028"
"16","Puglia","71","Total","46634"
"16","Puglia","71","Males","21762"
"16","Puglia","71","Females","24872"
"16","Puglia","72","Total","39187"
"16","Puglia","72","Males","18439"
"16","Puglia","72","Females","20748"
"16","Puglia","73","Total","35221"
"16","Puglia","73","Males","16274"
"16","Puglia","73","Females","18947"
"16","Puglia","74","Total","34870"
"16","Puglia","74","Males","16062"
"16","Puglia","74","Females","18808"
"16","Puglia","75","Total","35361"
"16","Puglia","75","Males","16188"
"16","Puglia","75","Females","19173"
"16","Puglia","76","Total","33204"
"16","Puglia","76","Males","15113"
"16","Puglia","76","Females","18091"
"16","Puglia","77","Total","35619"
"16","Puglia","77","Males","16044"
"16","Puglia","77","Females","19575"
"16","Puglia","78","Total","34649"
"16","Puglia","78","Males","15281"
"16","Puglia","78","Females","19368"
"16","Puglia","79","Total","32220"
"16","Puglia","79","Males","13981"
"16","Puglia","79","Females","18239"
"16","Puglia","80","Total","29930"
"16","Puglia","80","Males","12751"
"16","Puglia","80","Females","17179"
"16","Puglia","81","Total","27003"
"16","Puglia","81","Males","11333"
"16","Puglia","81","Females","15670"
"16","Puglia","82","Total","26288"
"16","Puglia","82","Males","10921"
"16","Puglia","82","Females","15367"
"16","Puglia","83","Total","24609"
"16","Puglia","83","Males","9896"
"16","Puglia","83","Females","14713"
"16","Puglia","84","Total","22292"
"16","Puglia","84","Males","8822"
"16","Puglia","84","Females","13470"
"16","Puglia","85","Total","20121"
"16","Puglia","85","Males","7736"
"16","Puglia","85","Females","12385"
"16","Puglia","86","Total","18426"
"16","Puglia","86","Males","6975"
"16","Puglia","86","Females","11451"
"16","Puglia","87","Total","17239"
"16","Puglia","87","Males","6289"
"16","Puglia","87","Females","10950"
"16","Puglia","88","Total","13980"
"16","Puglia","88","Males","4922"
"16","Puglia","88","Females","9058"
"16","Puglia","89","Total","12002"
"16","Puglia","89","Males","4049"
"16","Puglia","89","Females","7953"
"16","Puglia","90","Total","10298"
"16","Puglia","90","Males","3353"
"16","Puglia","90","Females","6945"
"16","Puglia","91","Total","8077"
"16","Puglia","91","Males","2512"
"16","Puglia","91","Females","5565"
"16","Puglia","92","Total","6365"
"16","Puglia","92","Males","1928"
"16","Puglia","92","Females","4437"
"16","Puglia","93","Total","4870"
"16","Puglia","93","Males","1460"
"16","Puglia","93","Females","3410"
"16","Puglia","94","Total","4002"
"16","Puglia","94","Males","1106"
"16","Puglia","94","Females","2896"
"16","Puglia","95","Total","2889"
"16","Puglia","95","Males","795"
"16","Puglia","95","Females","2094"
"16","Puglia","96","Total","2028"
"16","Puglia","96","Males","508"
"16","Puglia","96","Females","1520"
"16","Puglia","97","Total","1502"
"16","Puglia","97","Males","347"
"16","Puglia","97","Females","1155"
"16","Puglia","98","Total","711"
"16","Puglia","98","Males","161"
"16","Puglia","98","Females","550"
"16","Puglia","99","Total","421"
"16","Puglia","99","Males","102"
"16","Puglia","99","Females","319"
"16","Puglia","100 and over","Total","875"
"16","Puglia","100 and over","Males","172"
"16","Puglia","100 and over","Females","703"
"17","Basilicata","0","Total","3938"
"17","Basilicata","0","Males","2072"
"17","Basilicata","0","Females","1866"
"17","Basilicata","1","Total","3986"
"17","Basilicata","1","Males","2036"
"17","Basilicata","1","Females","1950"
"17","Basilicata","2","Total","4042"
"17","Basilicata","2","Males","2070"
"17","Basilicata","2","Females","1972"
"17","Basilicata","3","Total","4034"
"17","Basilicata","3","Males","2033"
"17","Basilicata","3","Females","2001"
"17","Basilicata","4","Total","4053"
"17","Basilicata","4","Males","2112"
"17","Basilicata","4","Females","1941"
"17","Basilicata","5","Total","4460"
"17","Basilicata","5","Males","2335"
"17","Basilicata","5","Females","2125"
"17","Basilicata","6","Total","4373"
"17","Basilicata","6","Males","2259"
"17","Basilicata","6","Females","2114"
"17","Basilicata","7","Total","4521"
"17","Basilicata","7","Males","2310"
"17","Basilicata","7","Females","2211"
"17","Basilicata","8","Total","4710"
"17","Basilicata","8","Males","2453"
"17","Basilicata","8","Females","2257"
"17","Basilicata","9","Total","4855"
"17","Basilicata","9","Males","2526"
"17","Basilicata","9","Females","2329"
"17","Basilicata","10","Total","4819"
"17","Basilicata","10","Males","2517"
"17","Basilicata","10","Females","2302"
"17","Basilicata","11","Total","4961"
"17","Basilicata","11","Males","2588"
"17","Basilicata","11","Females","2373"
"17","Basilicata","12","Total","4921"
"17","Basilicata","12","Males","2537"
"17","Basilicata","12","Females","2384"
"17","Basilicata","13","Total","5244"
"17","Basilicata","13","Males","2625"
"17","Basilicata","13","Females","2619"
"17","Basilicata","14","Total","5286"
"17","Basilicata","14","Males","2773"
"17","Basilicata","14","Females","2513"
"17","Basilicata","15","Total","5434"
"17","Basilicata","15","Males","2799"
"17","Basilicata","15","Females","2635"
"17","Basilicata","16","Total","5475"
"17","Basilicata","16","Males","2881"
"17","Basilicata","16","Females","2594"
"17","Basilicata","17","Total","5713"
"17","Basilicata","17","Males","3036"
"17","Basilicata","17","Females","2677"
"17","Basilicata","18","Total","5779"
"17","Basilicata","18","Males","3028"
"17","Basilicata","18","Females","2751"
"17","Basilicata","19","Total","5835"
"17","Basilicata","19","Males","3158"
"17","Basilicata","19","Females","2677"
"17","Basilicata","20","Total","5814"
"17","Basilicata","20","Males","3068"
"17","Basilicata","20","Females","2746"
"17","Basilicata","21","Total","5908"
"17","Basilicata","21","Males","3128"
"17","Basilicata","21","Females","2780"
"17","Basilicata","22","Total","5997"
"17","Basilicata","22","Males","3150"
"17","Basilicata","22","Females","2847"
"17","Basilicata","23","Total","6162"
"17","Basilicata","23","Males","3187"
"17","Basilicata","23","Females","2975"
"17","Basilicata","24","Total","6377"
"17","Basilicata","24","Males","3346"
"17","Basilicata","24","Females","3031"
"17","Basilicata","25","Total","6849"
"17","Basilicata","25","Males","3540"
"17","Basilicata","25","Females","3309"
"17","Basilicata","26","Total","6706"
"17","Basilicata","26","Males","3408"
"17","Basilicata","26","Females","3298"
"17","Basilicata","27","Total","6998"
"17","Basilicata","27","Males","3655"
"17","Basilicata","27","Females","3343"
"17","Basilicata","28","Total","6853"
"17","Basilicata","28","Males","3590"
"17","Basilicata","28","Females","3263"
"17","Basilicata","29","Total","6721"
"17","Basilicata","29","Males","3442"
"17","Basilicata","29","Females","3279"
"17","Basilicata","30","Total","6678"
"17","Basilicata","30","Males","3501"
"17","Basilicata","30","Females","3177"
"17","Basilicata","31","Total","6547"
"17","Basilicata","31","Males","3407"
"17","Basilicata","31","Females","3140"
"17","Basilicata","32","Total","6756"
"17","Basilicata","32","Males","3562"
"17","Basilicata","32","Females","3194"
"17","Basilicata","33","Total","6829"
"17","Basilicata","33","Males","3531"
"17","Basilicata","33","Females","3298"
"17","Basilicata","34","Total","6703"
"17","Basilicata","34","Males","3399"
"17","Basilicata","34","Females","3304"
"17","Basilicata","35","Total","6810"
"17","Basilicata","35","Males","3417"
"17","Basilicata","35","Females","3393"
"17","Basilicata","36","Total","6724"
"17","Basilicata","36","Males","3447"
"17","Basilicata","36","Females","3277"
"17","Basilicata","37","Total","6716"
"17","Basilicata","37","Males","3444"
"17","Basilicata","37","Females","3272"
"17","Basilicata","38","Total","6885"
"17","Basilicata","38","Males","3530"
"17","Basilicata","38","Females","3355"
"17","Basilicata","39","Total","7299"
"17","Basilicata","39","Males","3771"
"17","Basilicata","39","Females","3528"
"17","Basilicata","40","Total","7435"
"17","Basilicata","40","Males","3685"
"17","Basilicata","40","Females","3750"
"17","Basilicata","41","Total","7911"
"17","Basilicata","41","Males","4041"
"17","Basilicata","41","Females","3870"
"17","Basilicata","42","Total","8029"
"17","Basilicata","42","Males","3972"
"17","Basilicata","42","Females","4057"
"17","Basilicata","43","Total","8251"
"17","Basilicata","43","Males","4195"
"17","Basilicata","43","Females","4056"
"17","Basilicata","44","Total","8069"
"17","Basilicata","44","Males","4061"
"17","Basilicata","44","Females","4008"
"17","Basilicata","45","Total","8312"
"17","Basilicata","45","Males","4084"
"17","Basilicata","45","Females","4228"
"17","Basilicata","46","Total","8372"
"17","Basilicata","46","Males","4129"
"17","Basilicata","46","Females","4243"
"17","Basilicata","47","Total","8518"
"17","Basilicata","47","Males","4169"
"17","Basilicata","47","Females","4349"
"17","Basilicata","48","Total","8766"
"17","Basilicata","48","Males","4416"
"17","Basilicata","48","Females","4350"
"17","Basilicata","49","Total","8796"
"17","Basilicata","49","Males","4340"
"17","Basilicata","49","Females","4456"
"17","Basilicata","50","Total","9099"
"17","Basilicata","50","Males","4480"
"17","Basilicata","50","Females","4619"
"17","Basilicata","51","Total","8829"
"17","Basilicata","51","Males","4279"
"17","Basilicata","51","Females","4550"
"17","Basilicata","52","Total","8979"
"17","Basilicata","52","Males","4430"
"17","Basilicata","52","Females","4549"
"17","Basilicata","53","Total","9290"
"17","Basilicata","53","Males","4564"
"17","Basilicata","53","Females","4726"
"17","Basilicata","54","Total","8781"
"17","Basilicata","54","Males","4355"
"17","Basilicata","54","Females","4426"
"17","Basilicata","55","Total","8887"
"17","Basilicata","55","Males","4426"
"17","Basilicata","55","Females","4461"
"17","Basilicata","56","Total","8636"
"17","Basilicata","56","Males","4207"
"17","Basilicata","56","Females","4429"
"17","Basilicata","57","Total","8471"
"17","Basilicata","57","Males","4095"
"17","Basilicata","57","Females","4376"
"17","Basilicata","58","Total","8145"
"17","Basilicata","58","Males","3974"
"17","Basilicata","58","Females","4171"
"17","Basilicata","59","Total","7868"
"17","Basilicata","59","Males","3886"
"17","Basilicata","59","Females","3982"
"17","Basilicata","60","Total","7702"
"17","Basilicata","60","Males","3621"
"17","Basilicata","60","Females","4081"
"17","Basilicata","61","Total","7829"
"17","Basilicata","61","Males","3792"
"17","Basilicata","61","Females","4037"
"17","Basilicata","62","Total","7493"
"17","Basilicata","62","Males","3754"
"17","Basilicata","62","Females","3739"
"17","Basilicata","63","Total","7510"
"17","Basilicata","63","Males","3630"
"17","Basilicata","63","Females","3880"
"17","Basilicata","64","Total","6939"
"17","Basilicata","64","Males","3427"
"17","Basilicata","64","Females","3512"
"17","Basilicata","65","Total","6833"
"17","Basilicata","65","Males","3308"
"17","Basilicata","65","Females","3525"
"17","Basilicata","66","Total","6676"
"17","Basilicata","66","Males","3222"
"17","Basilicata","66","Females","3454"
"17","Basilicata","67","Total","6919"
"17","Basilicata","67","Males","3418"
"17","Basilicata","67","Females","3501"
"17","Basilicata","68","Total","6993"
"17","Basilicata","68","Males","3458"
"17","Basilicata","68","Females","3535"
"17","Basilicata","69","Total","7159"
"17","Basilicata","69","Males","3404"
"17","Basilicata","69","Females","3755"
"17","Basilicata","70","Total","6453"
"17","Basilicata","70","Males","3045"
"17","Basilicata","70","Females","3408"
"17","Basilicata","71","Total","5876"
"17","Basilicata","71","Males","2789"
"17","Basilicata","71","Females","3087"
"17","Basilicata","72","Total","4592"
"17","Basilicata","72","Males","2094"
"17","Basilicata","72","Females","2498"
"17","Basilicata","73","Total","4469"
"17","Basilicata","73","Males","2125"
"17","Basilicata","73","Females","2344"
"17","Basilicata","74","Total","4417"
"17","Basilicata","74","Males","2064"
"17","Basilicata","74","Females","2353"
"17","Basilicata","75","Total","4411"
"17","Basilicata","75","Males","1996"
"17","Basilicata","75","Females","2415"
"17","Basilicata","76","Total","4374"
"17","Basilicata","76","Males","1955"
"17","Basilicata","76","Females","2419"
"17","Basilicata","77","Total","5126"
"17","Basilicata","77","Males","2359"
"17","Basilicata","77","Females","2767"
"17","Basilicata","78","Total","5255"
"17","Basilicata","78","Males","2327"
"17","Basilicata","78","Females","2928"
"17","Basilicata","79","Total","4924"
"17","Basilicata","79","Males","2127"
"17","Basilicata","79","Females","2797"
"17","Basilicata","80","Total","4870"
"17","Basilicata","80","Males","2065"
"17","Basilicata","80","Females","2805"
"17","Basilicata","81","Total","4493"
"17","Basilicata","81","Males","1901"
"17","Basilicata","81","Females","2592"
"17","Basilicata","82","Total","4306"
"17","Basilicata","82","Males","1755"
"17","Basilicata","82","Females","2551"
"17","Basilicata","83","Total","4224"
"17","Basilicata","83","Males","1697"
"17","Basilicata","83","Females","2527"
"17","Basilicata","84","Total","3888"
"17","Basilicata","84","Males","1540"
"17","Basilicata","84","Females","2348"
"17","Basilicata","85","Total","3357"
"17","Basilicata","85","Males","1332"
"17","Basilicata","85","Females","2025"
"17","Basilicata","86","Total","3048"
"17","Basilicata","86","Males","1167"
"17","Basilicata","86","Females","1881"
"17","Basilicata","87","Total","2960"
"17","Basilicata","87","Males","1092"
"17","Basilicata","87","Females","1868"
"17","Basilicata","88","Total","2401"
"17","Basilicata","88","Males","886"
"17","Basilicata","88","Females","1515"
"17","Basilicata","89","Total","2050"
"17","Basilicata","89","Males","760"
"17","Basilicata","89","Females","1290"
"17","Basilicata","90","Total","1750"
"17","Basilicata","90","Males","622"
"17","Basilicata","90","Females","1128"
"17","Basilicata","91","Total","1407"
"17","Basilicata","91","Males","441"
"17","Basilicata","91","Females","966"
"17","Basilicata","92","Total","1072"
"17","Basilicata","92","Males","344"
"17","Basilicata","92","Females","728"
"17","Basilicata","93","Total","810"
"17","Basilicata","93","Males","274"
"17","Basilicata","93","Females","536"
"17","Basilicata","94","Total","690"
"17","Basilicata","94","Males","223"
"17","Basilicata","94","Females","467"
"17","Basilicata","95","Total","533"
"17","Basilicata","95","Males","161"
"17","Basilicata","95","Females","372"
"17","Basilicata","96","Total","394"
"17","Basilicata","96","Males","92"
"17","Basilicata","96","Females","302"
"17","Basilicata","97","Total","245"
"17","Basilicata","97","Males","64"
"17","Basilicata","97","Females","181"
"17","Basilicata","98","Total","115"
"17","Basilicata","98","Males","24"
"17","Basilicata","98","Females","91"
"17","Basilicata","99","Total","58"
"17","Basilicata","99","Males","11"
"17","Basilicata","99","Females","47"
"17","Basilicata","100 and over","Total","132"
"17","Basilicata","100 and over","Males","30"
"17","Basilicata","100 and over","Females","102"
"18","Calabria","0","Total","15480"
"18","Calabria","0","Males","7940"
"18","Calabria","0","Females","7540"
"18","Calabria","1","Total","15817"
"18","Calabria","1","Males","8142"
"18","Calabria","1","Females","7675"
"18","Calabria","2","Total","16034"
"18","Calabria","2","Males","8229"
"18","Calabria","2","Females","7805"
"18","Calabria","3","Total","16144"
"18","Calabria","3","Males","8346"
"18","Calabria","3","Females","7798"
"18","Calabria","4","Total","16215"
"18","Calabria","4","Males","8257"
"18","Calabria","4","Females","7958"
"18","Calabria","5","Total","16612"
"18","Calabria","5","Males","8606"
"18","Calabria","5","Females","8006"
"18","Calabria","6","Total","16815"
"18","Calabria","6","Males","8678"
"18","Calabria","6","Females","8137"
"18","Calabria","7","Total","17359"
"18","Calabria","7","Males","8853"
"18","Calabria","7","Females","8506"
"18","Calabria","8","Total","17593"
"18","Calabria","8","Males","9112"
"18","Calabria","8","Females","8481"
"18","Calabria","9","Total","17722"
"18","Calabria","9","Males","8941"
"18","Calabria","9","Females","8781"
"18","Calabria","10","Total","17813"
"18","Calabria","10","Males","9192"
"18","Calabria","10","Females","8621"
"18","Calabria","11","Total","18312"
"18","Calabria","11","Males","9488"
"18","Calabria","11","Females","8824"
"18","Calabria","12","Total","18159"
"18","Calabria","12","Males","9371"
"18","Calabria","12","Females","8788"
"18","Calabria","13","Total","18686"
"18","Calabria","13","Males","9665"
"18","Calabria","13","Females","9021"
"18","Calabria","14","Total","18764"
"18","Calabria","14","Males","9671"
"18","Calabria","14","Females","9093"
"18","Calabria","15","Total","18534"
"18","Calabria","15","Males","9613"
"18","Calabria","15","Females","8921"
"18","Calabria","16","Total","19297"
"18","Calabria","16","Males","9856"
"18","Calabria","16","Females","9441"
"18","Calabria","17","Total","19976"
"18","Calabria","17","Males","10396"
"18","Calabria","17","Females","9580"
"18","Calabria","18","Total","20165"
"18","Calabria","18","Males","10637"
"18","Calabria","18","Females","9528"
"18","Calabria","19","Total","20710"
"18","Calabria","19","Males","10852"
"18","Calabria","19","Females","9858"
"18","Calabria","20","Total","20397"
"18","Calabria","20","Males","10670"
"18","Calabria","20","Females","9727"
"18","Calabria","21","Total","21041"
"18","Calabria","21","Males","11040"
"18","Calabria","21","Females","10001"
"18","Calabria","22","Total","21459"
"18","Calabria","22","Males","11098"
"18","Calabria","22","Females","10361"
"18","Calabria","23","Total","21990"
"18","Calabria","23","Males","11463"
"18","Calabria","23","Females","10527"
"18","Calabria","24","Total","23098"
"18","Calabria","24","Males","11954"
"18","Calabria","24","Females","11144"
"18","Calabria","25","Total","23907"
"18","Calabria","25","Males","12189"
"18","Calabria","25","Females","11718"
"18","Calabria","26","Total","23784"
"18","Calabria","26","Males","12220"
"18","Calabria","26","Females","11564"
"18","Calabria","27","Total","24322"
"18","Calabria","27","Males","12549"
"18","Calabria","27","Females","11773"
"18","Calabria","28","Total","24653"
"18","Calabria","28","Males","12683"
"18","Calabria","28","Females","11970"
"18","Calabria","29","Total","25027"
"18","Calabria","29","Males","12807"
"18","Calabria","29","Females","12220"
"18","Calabria","30","Total","24519"
"18","Calabria","30","Males","12440"
"18","Calabria","30","Females","12079"
"18","Calabria","31","Total","24150"
"18","Calabria","31","Males","12324"
"18","Calabria","31","Females","11826"
"18","Calabria","32","Total","24123"
"18","Calabria","32","Males","12258"
"18","Calabria","32","Females","11865"
"18","Calabria","33","Total","24281"
"18","Calabria","33","Males","12532"
"18","Calabria","33","Females","11749"
"18","Calabria","34","Total","24103"
"18","Calabria","34","Males","12298"
"18","Calabria","34","Females","11805"
"18","Calabria","35","Total","24552"
"18","Calabria","35","Males","12343"
"18","Calabria","35","Females","12209"
"18","Calabria","36","Total","24409"
"18","Calabria","36","Males","12357"
"18","Calabria","36","Females","12052"
"18","Calabria","37","Total","24659"
"18","Calabria","37","Males","12457"
"18","Calabria","37","Females","12202"
"18","Calabria","38","Total","25178"
"18","Calabria","38","Males","12614"
"18","Calabria","38","Females","12564"
"18","Calabria","39","Total","25410"
"18","Calabria","39","Males","12819"
"18","Calabria","39","Females","12591"
"18","Calabria","40","Total","26071"
"18","Calabria","40","Males","12878"
"18","Calabria","40","Females","13193"
"18","Calabria","41","Total","27345"
"18","Calabria","41","Males","13603"
"18","Calabria","41","Females","13742"
"18","Calabria","42","Total","27122"
"18","Calabria","42","Males","13497"
"18","Calabria","42","Females","13625"
"18","Calabria","43","Total","27410"
"18","Calabria","43","Males","13469"
"18","Calabria","43","Females","13941"
"18","Calabria","44","Total","27371"
"18","Calabria","44","Males","13538"
"18","Calabria","44","Females","13833"
"18","Calabria","45","Total","27578"
"18","Calabria","45","Males","13422"
"18","Calabria","45","Females","14156"
"18","Calabria","46","Total","27979"
"18","Calabria","46","Males","13580"
"18","Calabria","46","Females","14399"
"18","Calabria","47","Total","27723"
"18","Calabria","47","Males","13469"
"18","Calabria","47","Females","14254"
"18","Calabria","48","Total","29245"
"18","Calabria","48","Males","14030"
"18","Calabria","48","Females","15215"
"18","Calabria","49","Total","28878"
"18","Calabria","49","Males","14000"
"18","Calabria","49","Females","14878"
"18","Calabria","50","Total","29144"
"18","Calabria","50","Males","14074"
"18","Calabria","50","Females","15070"
"18","Calabria","51","Total","29232"
"18","Calabria","51","Males","14050"
"18","Calabria","51","Females","15182"
"18","Calabria","52","Total","29000"
"18","Calabria","52","Males","14025"
"18","Calabria","52","Females","14975"
"18","Calabria","53","Total","30296"
"18","Calabria","53","Males","14647"
"18","Calabria","53","Females","15649"
"18","Calabria","54","Total","28632"
"18","Calabria","54","Males","13879"
"18","Calabria","54","Females","14753"
"18","Calabria","55","Total","28493"
"18","Calabria","55","Males","13725"
"18","Calabria","55","Females","14768"
"18","Calabria","56","Total","28252"
"18","Calabria","56","Males","13636"
"18","Calabria","56","Females","14616"
"18","Calabria","57","Total","27872"
"18","Calabria","57","Males","13499"
"18","Calabria","57","Females","14373"
"18","Calabria","58","Total","27180"
"18","Calabria","58","Males","13194"
"18","Calabria","58","Females","13986"
"18","Calabria","59","Total","25305"
"18","Calabria","59","Males","12283"
"18","Calabria","59","Females","13022"
"18","Calabria","60","Total","25969"
"18","Calabria","60","Males","12771"
"18","Calabria","60","Females","13198"
"18","Calabria","61","Total","25148"
"18","Calabria","61","Males","12238"
"18","Calabria","61","Females","12910"
"18","Calabria","62","Total","25001"
"18","Calabria","62","Males","12181"
"18","Calabria","62","Females","12820"
"18","Calabria","63","Total","24847"
"18","Calabria","63","Males","12176"
"18","Calabria","63","Females","12671"
"18","Calabria","64","Total","23359"
"18","Calabria","64","Males","11462"
"18","Calabria","64","Females","11897"
"18","Calabria","65","Total","22170"
"18","Calabria","65","Males","10848"
"18","Calabria","65","Females","11322"
"18","Calabria","66","Total","22563"
"18","Calabria","66","Males","10944"
"18","Calabria","66","Females","11619"
"18","Calabria","67","Total","22980"
"18","Calabria","67","Males","11187"
"18","Calabria","67","Females","11793"
"18","Calabria","68","Total","22960"
"18","Calabria","68","Males","11176"
"18","Calabria","68","Females","11784"
"18","Calabria","69","Total","23103"
"18","Calabria","69","Males","11113"
"18","Calabria","69","Females","11990"
"18","Calabria","70","Total","22418"
"18","Calabria","70","Males","10841"
"18","Calabria","70","Females","11577"
"18","Calabria","71","Total","20470"
"18","Calabria","71","Males","9815"
"18","Calabria","71","Females","10655"
"18","Calabria","72","Total","15846"
"18","Calabria","72","Males","7583"
"18","Calabria","72","Females","8263"
"18","Calabria","73","Total","15802"
"18","Calabria","73","Males","7619"
"18","Calabria","73","Females","8183"
"18","Calabria","74","Total","15617"
"18","Calabria","74","Males","7321"
"18","Calabria","74","Females","8296"
"18","Calabria","75","Total","15285"
"18","Calabria","75","Males","7162"
"18","Calabria","75","Females","8123"
"18","Calabria","76","Total","14638"
"18","Calabria","76","Males","6832"
"18","Calabria","76","Females","7806"
"18","Calabria","77","Total","16615"
"18","Calabria","77","Males","7623"
"18","Calabria","77","Females","8992"
"18","Calabria","78","Total","16050"
"18","Calabria","78","Males","7280"
"18","Calabria","78","Females","8770"
"18","Calabria","79","Total","14911"
"18","Calabria","79","Males","6534"
"18","Calabria","79","Females","8377"
"18","Calabria","80","Total","14024"
"18","Calabria","80","Males","6187"
"18","Calabria","80","Females","7837"
"18","Calabria","81","Total","13399"
"18","Calabria","81","Males","5669"
"18","Calabria","81","Females","7730"
"18","Calabria","82","Total","13111"
"18","Calabria","82","Males","5482"
"18","Calabria","82","Females","7629"
"18","Calabria","83","Total","12206"
"18","Calabria","83","Males","5035"
"18","Calabria","83","Females","7171"
"18","Calabria","84","Total","11701"
"18","Calabria","84","Males","4757"
"18","Calabria","84","Females","6944"
"18","Calabria","85","Total","10422"
"18","Calabria","85","Males","4021"
"18","Calabria","85","Females","6401"
"18","Calabria","86","Total","9308"
"18","Calabria","86","Males","3515"
"18","Calabria","86","Females","5793"
"18","Calabria","87","Total","8469"
"18","Calabria","87","Males","3136"
"18","Calabria","87","Females","5333"
"18","Calabria","88","Total","7069"
"18","Calabria","88","Males","2543"
"18","Calabria","88","Females","4526"
"18","Calabria","89","Total","5958"
"18","Calabria","89","Males","2090"
"18","Calabria","89","Females","3868"
"18","Calabria","90","Total","4947"
"18","Calabria","90","Males","1630"
"18","Calabria","90","Females","3317"
"18","Calabria","91","Total","4146"
"18","Calabria","91","Males","1339"
"18","Calabria","91","Females","2807"
"18","Calabria","92","Total","3322"
"18","Calabria","92","Males","1026"
"18","Calabria","92","Females","2296"
"18","Calabria","93","Total","2642"
"18","Calabria","93","Males","775"
"18","Calabria","93","Females","1867"
"18","Calabria","94","Total","2039"
"18","Calabria","94","Males","581"
"18","Calabria","94","Females","1458"
"18","Calabria","95","Total","1419"
"18","Calabria","95","Males","400"
"18","Calabria","95","Females","1019"
"18","Calabria","96","Total","1053"
"18","Calabria","96","Males","267"
"18","Calabria","96","Females","786"
"18","Calabria","97","Total","820"
"18","Calabria","97","Males","218"
"18","Calabria","97","Females","602"
"18","Calabria","98","Total","370"
"18","Calabria","98","Males","77"
"18","Calabria","98","Females","293"
"18","Calabria","99","Total","223"
"18","Calabria","99","Males","45"
"18","Calabria","99","Females","178"
"18","Calabria","100 and over","Total","460"
"18","Calabria","100 and over","Males","113"
"18","Calabria","100 and over","Females","347"
"19","Sicilia","0","Total","40859"
"19","Sicilia","0","Males","21092"
"19","Sicilia","0","Females","19767"
"19","Sicilia","1","Total","40853"
"19","Sicilia","1","Males","20873"
"19","Sicilia","1","Females","19980"
"19","Sicilia","2","Total","42282"
"19","Sicilia","2","Males","21721"
"19","Sicilia","2","Females","20561"
"19","Sicilia","3","Total","43375"
"19","Sicilia","3","Males","22288"
"19","Sicilia","3","Females","21087"
"19","Sicilia","4","Total","42785"
"19","Sicilia","4","Males","21904"
"19","Sicilia","4","Females","20881"
"19","Sicilia","5","Total","44911"
"19","Sicilia","5","Males","22914"
"19","Sicilia","5","Females","21997"
"19","Sicilia","6","Total","44964"
"19","Sicilia","6","Males","22961"
"19","Sicilia","6","Females","22003"
"19","Sicilia","7","Total","46374"
"19","Sicilia","7","Males","23655"
"19","Sicilia","7","Females","22719"
"19","Sicilia","8","Total","47445"
"19","Sicilia","8","Males","24390"
"19","Sicilia","8","Females","23055"
"19","Sicilia","9","Total","48376"
"19","Sicilia","9","Males","24830"
"19","Sicilia","9","Females","23546"
"19","Sicilia","10","Total","47961"
"19","Sicilia","10","Males","24563"
"19","Sicilia","10","Females","23398"
"19","Sicilia","11","Total","48873"
"19","Sicilia","11","Males","25413"
"19","Sicilia","11","Females","23460"
"19","Sicilia","12","Total","49844"
"19","Sicilia","12","Males","25688"
"19","Sicilia","12","Females","24156"
"19","Sicilia","13","Total","50775"
"19","Sicilia","13","Males","26115"
"19","Sicilia","13","Females","24660"
"19","Sicilia","14","Total","50690"
"19","Sicilia","14","Males","25991"
"19","Sicilia","14","Females","24699"
"19","Sicilia","15","Total","50732"
"19","Sicilia","15","Males","25985"
"19","Sicilia","15","Females","24747"
"19","Sicilia","16","Total","52010"
"19","Sicilia","16","Males","26944"
"19","Sicilia","16","Females","25066"
"19","Sicilia","17","Total","53512"
"19","Sicilia","17","Males","28240"
"19","Sicilia","17","Females","25272"
"19","Sicilia","18","Total","55091"
"19","Sicilia","18","Males","29001"
"19","Sicilia","18","Females","26090"
"19","Sicilia","19","Total","54603"
"19","Sicilia","19","Males","28696"
"19","Sicilia","19","Females","25907"
"19","Sicilia","20","Total","54601"
"19","Sicilia","20","Males","28521"
"19","Sicilia","20","Females","26080"
"19","Sicilia","21","Total","55095"
"19","Sicilia","21","Males","28567"
"19","Sicilia","21","Females","26528"
"19","Sicilia","22","Total","55747"
"19","Sicilia","22","Males","28737"
"19","Sicilia","22","Females","27010"
"19","Sicilia","23","Total","57266"
"19","Sicilia","23","Males","29571"
"19","Sicilia","23","Females","27695"
"19","Sicilia","24","Total","59503"
"19","Sicilia","24","Males","30390"
"19","Sicilia","24","Females","29113"
"19","Sicilia","25","Total","61912"
"19","Sicilia","25","Males","31692"
"19","Sicilia","25","Females","30220"
"19","Sicilia","26","Total","60912"
"19","Sicilia","26","Males","31083"
"19","Sicilia","26","Females","29829"
"19","Sicilia","27","Total","61376"
"19","Sicilia","27","Males","31305"
"19","Sicilia","27","Females","30071"
"19","Sicilia","28","Total","61036"
"19","Sicilia","28","Males","31036"
"19","Sicilia","28","Females","30000"
"19","Sicilia","29","Total","61077"
"19","Sicilia","29","Males","31148"
"19","Sicilia","29","Females","29929"
"19","Sicilia","30","Total","59195"
"19","Sicilia","30","Males","30055"
"19","Sicilia","30","Females","29140"
"19","Sicilia","31","Total","58912"
"19","Sicilia","31","Males","29973"
"19","Sicilia","31","Females","28939"
"19","Sicilia","32","Total","59132"
"19","Sicilia","32","Males","29810"
"19","Sicilia","32","Females","29322"
"19","Sicilia","33","Total","60244"
"19","Sicilia","33","Males","30235"
"19","Sicilia","33","Females","30009"
"19","Sicilia","34","Total","59424"
"19","Sicilia","34","Males","29912"
"19","Sicilia","34","Females","29512"
"19","Sicilia","35","Total","61123"
"19","Sicilia","35","Males","30624"
"19","Sicilia","35","Females","30499"
"19","Sicilia","36","Total","61047"
"19","Sicilia","36","Males","30455"
"19","Sicilia","36","Females","30592"
"19","Sicilia","37","Total","63061"
"19","Sicilia","37","Males","31453"
"19","Sicilia","37","Females","31608"
"19","Sicilia","38","Total","63813"
"19","Sicilia","38","Males","31670"
"19","Sicilia","38","Females","32143"
"19","Sicilia","39","Total","65633"
"19","Sicilia","39","Males","32708"
"19","Sicilia","39","Females","32925"
"19","Sicilia","40","Total","66522"
"19","Sicilia","40","Males","32923"
"19","Sicilia","40","Females","33599"
"19","Sicilia","41","Total","69780"
"19","Sicilia","41","Males","34632"
"19","Sicilia","41","Females","35148"
"19","Sicilia","42","Total","71465"
"19","Sicilia","42","Males","35461"
"19","Sicilia","42","Females","36004"
"19","Sicilia","43","Total","73897"
"19","Sicilia","43","Males","36397"
"19","Sicilia","43","Females","37500"
"19","Sicilia","44","Total","72498"
"19","Sicilia","44","Males","35607"
"19","Sicilia","44","Females","36891"
"19","Sicilia","45","Total","72784"
"19","Sicilia","45","Males","35721"
"19","Sicilia","45","Females","37063"
"19","Sicilia","46","Total","74344"
"19","Sicilia","46","Males","36176"
"19","Sicilia","46","Females","38168"
"19","Sicilia","47","Total","73662"
"19","Sicilia","47","Males","35658"
"19","Sicilia","47","Females","38004"
"19","Sicilia","48","Total","75950"
"19","Sicilia","48","Males","37095"
"19","Sicilia","48","Females","38855"
"19","Sicilia","49","Total","75002"
"19","Sicilia","49","Males","36453"
"19","Sicilia","49","Females","38549"
"19","Sicilia","50","Total","75727"
"19","Sicilia","50","Males","36835"
"19","Sicilia","50","Females","38892"
"19","Sicilia","51","Total","75227"
"19","Sicilia","51","Males","36435"
"19","Sicilia","51","Females","38792"
"19","Sicilia","52","Total","74585"
"19","Sicilia","52","Males","35980"
"19","Sicilia","52","Females","38605"
"19","Sicilia","53","Total","76605"
"19","Sicilia","53","Males","37191"
"19","Sicilia","53","Females","39414"
"19","Sicilia","54","Total","72451"
"19","Sicilia","54","Males","35019"
"19","Sicilia","54","Females","37432"
"19","Sicilia","55","Total","72174"
"19","Sicilia","55","Males","34630"
"19","Sicilia","55","Females","37544"
"19","Sicilia","56","Total","70345"
"19","Sicilia","56","Males","33712"
"19","Sicilia","56","Females","36633"
"19","Sicilia","57","Total","70498"
"19","Sicilia","57","Males","33595"
"19","Sicilia","57","Females","36903"
"19","Sicilia","58","Total","66846"
"19","Sicilia","58","Males","32103"
"19","Sicilia","58","Females","34743"
"19","Sicilia","59","Total","64651"
"19","Sicilia","59","Males","30874"
"19","Sicilia","59","Females","33777"
"19","Sicilia","60","Total","64562"
"19","Sicilia","60","Males","30759"
"19","Sicilia","60","Females","33803"
"19","Sicilia","61","Total","62961"
"19","Sicilia","61","Males","29919"
"19","Sicilia","61","Females","33042"
"19","Sicilia","62","Total","62650"
"19","Sicilia","62","Males","30124"
"19","Sicilia","62","Females","32526"
"19","Sicilia","63","Total","62035"
"19","Sicilia","63","Males","29357"
"19","Sicilia","63","Females","32678"
"19","Sicilia","64","Total","57120"
"19","Sicilia","64","Males","27155"
"19","Sicilia","64","Females","29965"
"19","Sicilia","65","Total","56381"
"19","Sicilia","65","Males","26686"
"19","Sicilia","65","Females","29695"
"19","Sicilia","66","Total","55816"
"19","Sicilia","66","Males","26661"
"19","Sicilia","66","Females","29155"
"19","Sicilia","67","Total","57460"
"19","Sicilia","67","Males","27303"
"19","Sicilia","67","Females","30157"
"19","Sicilia","68","Total","57579"
"19","Sicilia","68","Males","27183"
"19","Sicilia","68","Females","30396"
"19","Sicilia","69","Total","59247"
"19","Sicilia","69","Males","27994"
"19","Sicilia","69","Females","31253"
"19","Sicilia","70","Total","58201"
"19","Sicilia","70","Males","27368"
"19","Sicilia","70","Females","30833"
"19","Sicilia","71","Total","53044"
"19","Sicilia","71","Males","24700"
"19","Sicilia","71","Females","28344"
"19","Sicilia","72","Total","44557"
"19","Sicilia","72","Males","20816"
"19","Sicilia","72","Females","23741"
"19","Sicilia","73","Total","42494"
"19","Sicilia","73","Males","19577"
"19","Sicilia","73","Females","22917"
"19","Sicilia","74","Total","40231"
"19","Sicilia","74","Males","18386"
"19","Sicilia","74","Females","21845"
"19","Sicilia","75","Total","39432"
"19","Sicilia","75","Males","17719"
"19","Sicilia","75","Females","21713"
"19","Sicilia","76","Total","39112"
"19","Sicilia","76","Males","17392"
"19","Sicilia","76","Females","21720"
"19","Sicilia","77","Total","43842"
"19","Sicilia","77","Males","19243"
"19","Sicilia","77","Females","24599"
"19","Sicilia","78","Total","41560"
"19","Sicilia","78","Males","18196"
"19","Sicilia","78","Females","23364"
"19","Sicilia","79","Total","38893"
"19","Sicilia","79","Males","16709"
"19","Sicilia","79","Females","22184"
"19","Sicilia","80","Total","34261"
"19","Sicilia","80","Males","14602"
"19","Sicilia","80","Females","19659"
"19","Sicilia","81","Total","32608"
"19","Sicilia","81","Males","13709"
"19","Sicilia","81","Females","18899"
"19","Sicilia","82","Total","31367"
"19","Sicilia","82","Males","12885"
"19","Sicilia","82","Females","18482"
"19","Sicilia","83","Total","30127"
"19","Sicilia","83","Males","12210"
"19","Sicilia","83","Females","17917"
"19","Sicilia","84","Total","27879"
"19","Sicilia","84","Males","11141"
"19","Sicilia","84","Females","16738"
"19","Sicilia","85","Total","24097"
"19","Sicilia","85","Males","9231"
"19","Sicilia","85","Females","14866"
"19","Sicilia","86","Total","22088"
"19","Sicilia","86","Males","8207"
"19","Sicilia","86","Females","13881"
"19","Sicilia","87","Total","21212"
"19","Sicilia","87","Males","7685"
"19","Sicilia","87","Females","13527"
"19","Sicilia","88","Total","16645"
"19","Sicilia","88","Males","5797"
"19","Sicilia","88","Females","10848"
"19","Sicilia","89","Total","14271"
"19","Sicilia","89","Males","4865"
"19","Sicilia","89","Females","9406"
"19","Sicilia","90","Total","11437"
"19","Sicilia","90","Males","3849"
"19","Sicilia","90","Females","7588"
"19","Sicilia","91","Total","9754"
"19","Sicilia","91","Males","3051"
"19","Sicilia","91","Females","6703"
"19","Sicilia","92","Total","7562"
"19","Sicilia","92","Males","2281"
"19","Sicilia","92","Females","5281"
"19","Sicilia","93","Total","6214"
"19","Sicilia","93","Males","1754"
"19","Sicilia","93","Females","4460"
"19","Sicilia","94","Total","4440"
"19","Sicilia","94","Males","1275"
"19","Sicilia","94","Females","3165"
"19","Sicilia","95","Total","3411"
"19","Sicilia","95","Males","890"
"19","Sicilia","95","Females","2521"
"19","Sicilia","96","Total","2294"
"19","Sicilia","96","Males","605"
"19","Sicilia","96","Females","1689"
"19","Sicilia","97","Total","1665"
"19","Sicilia","97","Males","390"
"19","Sicilia","97","Females","1275"
"19","Sicilia","98","Total","815"
"19","Sicilia","98","Males","188"
"19","Sicilia","98","Females","627"
"19","Sicilia","99","Total","453"
"19","Sicilia","99","Males","103"
"19","Sicilia","99","Females","350"
"19","Sicilia","100 and over","Total","974"
"19","Sicilia","100 and over","Males","200"
"19","Sicilia","100 and over","Females","774"
"20","Sardegna","0","Total","10039"
"20","Sardegna","0","Males","5197"
"20","Sardegna","0","Females","4842"
"20","Sardegna","1","Total","10440"
"20","Sardegna","1","Males","5412"
"20","Sardegna","1","Females","5028"
"20","Sardegna","2","Total","10983"
"20","Sardegna","2","Males","5723"
"20","Sardegna","2","Females","5260"
"20","Sardegna","3","Total","11252"
"20","Sardegna","3","Males","5815"
"20","Sardegna","3","Females","5437"
"20","Sardegna","4","Total","11622"
"20","Sardegna","4","Males","5988"
"20","Sardegna","4","Females","5634"
"20","Sardegna","5","Total","12233"
"20","Sardegna","5","Males","6337"
"20","Sardegna","5","Females","5896"
"20","Sardegna","6","Total","12793"
"20","Sardegna","6","Males","6581"
"20","Sardegna","6","Females","6212"
"20","Sardegna","7","Total","13253"
"20","Sardegna","7","Males","6862"
"20","Sardegna","7","Females","6391"
"20","Sardegna","8","Total","13268"
"20","Sardegna","8","Males","6925"
"20","Sardegna","8","Females","6343"
"20","Sardegna","9","Total","13315"
"20","Sardegna","9","Males","6855"
"20","Sardegna","9","Females","6460"
"20","Sardegna","10","Total","13291"
"20","Sardegna","10","Males","6804"
"20","Sardegna","10","Females","6487"
"20","Sardegna","11","Total","13404"
"20","Sardegna","11","Males","6975"
"20","Sardegna","11","Females","6429"
"20","Sardegna","12","Total","13475"
"20","Sardegna","12","Males","7015"
"20","Sardegna","12","Females","6460"
"20","Sardegna","13","Total","13259"
"20","Sardegna","13","Males","6884"
"20","Sardegna","13","Females","6375"
"20","Sardegna","14","Total","13758"
"20","Sardegna","14","Males","7114"
"20","Sardegna","14","Females","6644"
"20","Sardegna","15","Total","13502"
"20","Sardegna","15","Males","6911"
"20","Sardegna","15","Females","6591"
"20","Sardegna","16","Total","13826"
"20","Sardegna","16","Males","7087"
"20","Sardegna","16","Females","6739"
"20","Sardegna","17","Total","14331"
"20","Sardegna","17","Males","7488"
"20","Sardegna","17","Females","6843"
"20","Sardegna","18","Total","14476"
"20","Sardegna","18","Males","7796"
"20","Sardegna","18","Females","6680"
"20","Sardegna","19","Total","14200"
"20","Sardegna","19","Males","7654"
"20","Sardegna","19","Females","6546"
"20","Sardegna","20","Total","14351"
"20","Sardegna","20","Males","7665"
"20","Sardegna","20","Females","6686"
"20","Sardegna","21","Total","14627"
"20","Sardegna","21","Males","7842"
"20","Sardegna","21","Females","6785"
"20","Sardegna","22","Total","15002"
"20","Sardegna","22","Males","8034"
"20","Sardegna","22","Females","6968"
"20","Sardegna","23","Total","15236"
"20","Sardegna","23","Males","8042"
"20","Sardegna","23","Females","7194"
"20","Sardegna","24","Total","15842"
"20","Sardegna","24","Males","8217"
"20","Sardegna","24","Females","7625"
"20","Sardegna","25","Total","16453"
"20","Sardegna","25","Males","8504"
"20","Sardegna","25","Females","7949"
"20","Sardegna","26","Total","16906"
"20","Sardegna","26","Males","8847"
"20","Sardegna","26","Females","8059"
"20","Sardegna","27","Total","17507"
"20","Sardegna","27","Males","9024"
"20","Sardegna","27","Females","8483"
"20","Sardegna","28","Total","17282"
"20","Sardegna","28","Males","9001"
"20","Sardegna","28","Females","8281"
"20","Sardegna","29","Total","17589"
"20","Sardegna","29","Males","9091"
"20","Sardegna","29","Females","8498"
"20","Sardegna","30","Total","17684"
"20","Sardegna","30","Males","9095"
"20","Sardegna","30","Females","8589"
"20","Sardegna","31","Total","17758"
"20","Sardegna","31","Males","9067"
"20","Sardegna","31","Females","8691"
"20","Sardegna","32","Total","18409"
"20","Sardegna","32","Males","9444"
"20","Sardegna","32","Females","8965"
"20","Sardegna","33","Total","18715"
"20","Sardegna","33","Males","9672"
"20","Sardegna","33","Females","9043"
"20","Sardegna","34","Total","19202"
"20","Sardegna","34","Males","9722"
"20","Sardegna","34","Females","9480"
"20","Sardegna","35","Total","20163"
"20","Sardegna","35","Males","10318"
"20","Sardegna","35","Females","9845"
"20","Sardegna","36","Total","20229"
"20","Sardegna","36","Males","10208"
"20","Sardegna","36","Females","10021"
"20","Sardegna","37","Total","21003"
"20","Sardegna","37","Males","10796"
"20","Sardegna","37","Females","10207"
"20","Sardegna","38","Total","21172"
"20","Sardegna","38","Males","10659"
"20","Sardegna","38","Females","10513"
"20","Sardegna","39","Total","23173"
"20","Sardegna","39","Males","11844"
"20","Sardegna","39","Females","11329"
"20","Sardegna","40","Total","23582"
"20","Sardegna","40","Males","12094"
"20","Sardegna","40","Females","11488"
"20","Sardegna","41","Total","24622"
"20","Sardegna","41","Males","12443"
"20","Sardegna","41","Females","12179"
"20","Sardegna","42","Total","25789"
"20","Sardegna","42","Males","13029"
"20","Sardegna","42","Females","12760"
"20","Sardegna","43","Total","26928"
"20","Sardegna","43","Males","13809"
"20","Sardegna","43","Females","13119"
"20","Sardegna","44","Total","26958"
"20","Sardegna","44","Males","13710"
"20","Sardegna","44","Females","13248"
"20","Sardegna","45","Total","26646"
"20","Sardegna","45","Males","13464"
"20","Sardegna","45","Females","13182"
"20","Sardegna","46","Total","26656"
"20","Sardegna","46","Males","13176"
"20","Sardegna","46","Females","13480"
"20","Sardegna","47","Total","26230"
"20","Sardegna","47","Males","13220"
"20","Sardegna","47","Females","13010"
"20","Sardegna","48","Total","27206"
"20","Sardegna","48","Males","13579"
"20","Sardegna","48","Females","13627"
"20","Sardegna","49","Total","26459"
"20","Sardegna","49","Males","13021"
"20","Sardegna","49","Females","13438"
"20","Sardegna","50","Total","27303"
"20","Sardegna","50","Males","13601"
"20","Sardegna","50","Females","13702"
"20","Sardegna","51","Total","27537"
"20","Sardegna","51","Males","13614"
"20","Sardegna","51","Females","13923"
"20","Sardegna","52","Total","27449"
"20","Sardegna","52","Males","13660"
"20","Sardegna","52","Females","13789"
"20","Sardegna","53","Total","28033"
"20","Sardegna","53","Males","13883"
"20","Sardegna","53","Females","14150"
"20","Sardegna","54","Total","26830"
"20","Sardegna","54","Males","13087"
"20","Sardegna","54","Females","13743"
"20","Sardegna","55","Total","26071"
"20","Sardegna","55","Males","12767"
"20","Sardegna","55","Females","13304"
"20","Sardegna","56","Total","25606"
"20","Sardegna","56","Males","12428"
"20","Sardegna","56","Females","13178"
"20","Sardegna","57","Total","24871"
"20","Sardegna","57","Males","12276"
"20","Sardegna","57","Females","12595"
"20","Sardegna","58","Total","24260"
"20","Sardegna","58","Males","11890"
"20","Sardegna","58","Females","12370"
"20","Sardegna","59","Total","23898"
"20","Sardegna","59","Males","11670"
"20","Sardegna","59","Females","12228"
"20","Sardegna","60","Total","23874"
"20","Sardegna","60","Males","11568"
"20","Sardegna","60","Females","12306"
"20","Sardegna","61","Total","23330"
"20","Sardegna","61","Males","11325"
"20","Sardegna","61","Females","12005"
"20","Sardegna","62","Total","22630"
"20","Sardegna","62","Males","10992"
"20","Sardegna","62","Females","11638"
"20","Sardegna","63","Total","22925"
"20","Sardegna","63","Males","11181"
"20","Sardegna","63","Females","11744"
"20","Sardegna","64","Total","21799"
"20","Sardegna","64","Males","10654"
"20","Sardegna","64","Females","11145"
"20","Sardegna","65","Total","21441"
"20","Sardegna","65","Males","10376"
"20","Sardegna","65","Females","11065"
"20","Sardegna","66","Total","21055"
"20","Sardegna","66","Males","10134"
"20","Sardegna","66","Females","10921"
"20","Sardegna","67","Total","21162"
"20","Sardegna","67","Males","10279"
"20","Sardegna","67","Females","10883"
"20","Sardegna","68","Total","20452"
"20","Sardegna","68","Males","9945"
"20","Sardegna","68","Females","10507"
"20","Sardegna","69","Total","20755"
"20","Sardegna","69","Males","9932"
"20","Sardegna","69","Females","10823"
"20","Sardegna","70","Total","19835"
"20","Sardegna","70","Males","9507"
"20","Sardegna","70","Females","10328"
"20","Sardegna","71","Total","18487"
"20","Sardegna","71","Males","8961"
"20","Sardegna","71","Females","9526"
"20","Sardegna","72","Total","17247"
"20","Sardegna","72","Males","8143"
"20","Sardegna","72","Females","9104"
"20","Sardegna","73","Total","16780"
"20","Sardegna","73","Males","7799"
"20","Sardegna","73","Females","8981"
"20","Sardegna","74","Total","16074"
"20","Sardegna","74","Males","7233"
"20","Sardegna","74","Females","8841"
"20","Sardegna","75","Total","16322"
"20","Sardegna","75","Males","7400"
"20","Sardegna","75","Females","8922"
"20","Sardegna","76","Total","15009"
"20","Sardegna","76","Males","6685"
"20","Sardegna","76","Females","8324"
"20","Sardegna","77","Total","16374"
"20","Sardegna","77","Males","7211"
"20","Sardegna","77","Females","9163"
"20","Sardegna","78","Total","15173"
"20","Sardegna","78","Males","6757"
"20","Sardegna","78","Females","8416"
"20","Sardegna","79","Total","13496"
"20","Sardegna","79","Males","5780"
"20","Sardegna","79","Females","7716"
"20","Sardegna","80","Total","12327"
"20","Sardegna","80","Males","5205"
"20","Sardegna","80","Females","7122"
"20","Sardegna","81","Total","11753"
"20","Sardegna","81","Males","4925"
"20","Sardegna","81","Females","6828"
"20","Sardegna","82","Total","10468"
"20","Sardegna","82","Males","4157"
"20","Sardegna","82","Females","6311"
"20","Sardegna","83","Total","10497"
"20","Sardegna","83","Males","4247"
"20","Sardegna","83","Females","6250"
"20","Sardegna","84","Total","9742"
"20","Sardegna","84","Males","3850"
"20","Sardegna","84","Females","5892"
"20","Sardegna","85","Total","8593"
"20","Sardegna","85","Males","3262"
"20","Sardegna","85","Females","5331"
"20","Sardegna","86","Total","7608"
"20","Sardegna","86","Males","2888"
"20","Sardegna","86","Females","4720"
"20","Sardegna","87","Total","7405"
"20","Sardegna","87","Males","2695"
"20","Sardegna","87","Females","4710"
"20","Sardegna","88","Total","6175"
"20","Sardegna","88","Males","2087"
"20","Sardegna","88","Females","4088"
"20","Sardegna","89","Total","5395"
"20","Sardegna","89","Males","1775"
"20","Sardegna","89","Females","3620"
"20","Sardegna","90","Total","4321"
"20","Sardegna","90","Males","1365"
"20","Sardegna","90","Females","2956"
"20","Sardegna","91","Total","3740"
"20","Sardegna","91","Males","1159"
"20","Sardegna","91","Females","2581"
"20","Sardegna","92","Total","2743"
"20","Sardegna","92","Males","804"
"20","Sardegna","92","Females","1939"
"20","Sardegna","93","Total","2351"
"20","Sardegna","93","Males","635"
"20","Sardegna","93","Females","1716"
"20","Sardegna","94","Total","1772"
"20","Sardegna","94","Males","505"
"20","Sardegna","94","Females","1267"
"20","Sardegna","95","Total","1318"
"20","Sardegna","95","Males","369"
"20","Sardegna","95","Females","949"
"20","Sardegna","96","Total","900"
"20","Sardegna","96","Males","231"
"20","Sardegna","96","Females","669"
"20","Sardegna","97","Total","711"
"20","Sardegna","97","Males","172"
"20","Sardegna","97","Females","539"
"20","Sardegna","98","Total","426"
"20","Sardegna","98","Males","104"
"20","Sardegna","98","Females","322"
"20","Sardegna","99","Total","194"
"20","Sardegna","99","Males","43"
"20","Sardegna","99","Females","151"
"20","Sardegna","100 and over","Total","424"
"20","Sardegna","100 and over","Males","93"
"20","Sardegna","100 and over","Females","331"